Date,HIGH,LOW,CLOSE,OPEN,COUNT,VOLUME,SHROUT
1983-01-04,,,,,,,
1983-01-05,,,,,,,
1983-01-06,,,,,,,
1983-01-07,,,,,,,
1983-01-10,,,,,,,
1983-01-11,,,,,,,
1983-01-12,,,,,,,
1983-01-13,,,,,,,
1983-01-14,,,,,,,
1983-01-17,,,,,,,
1983-01-18,,,,,,,
1983-01-19,,,,,,,
1983-01-20,,,,,,,
1983-01-21,,,,,,,
1983-01-24,,,,,,,
1983-01-25,,,,,,,
1983-01-26,,,,,,,
1983-01-27,,,,,,,
1983-01-28,,,,,,,
1983-01-31,,,,,,,
1983-02-01,,,,,,,
1983-02-02,,,,,,,
1983-02-03,,,,,,,
1983-02-04,,,,,,,
1983-02-07,,,,,,,
1983-02-08,,,,,,,
1983-02-09,,,,,,,
1983-02-10,,,,,,,
1983-02-11,,,,,,,
1983-02-14,,,,,,,
1983-02-15,,,,,,,
1983-02-16,,,,,,,
1983-02-17,,,,,,,
1983-02-18,,,,,,,
1983-02-21,,,,,,,
1983-02-22,,,,,,,
1983-02-23,,,,,,,
1983-02-24,,,,,,,
1983-02-25,,,,,,,
1983-02-28,,,,,,,
1983-03-01,,,,,,,
1983-03-02,,,,,,,
1983-03-03,,,,,,,
1983-03-04,,,,,,,
1983-03-07,,,,,,,
1983-03-08,,,,,,,
1983-03-09,,,,,,,
1983-03-10,,,,,,,
1983-03-11,,,,,,,
1983-03-14,,,,,,,
1983-03-15,,,,,,,
1983-03-16,,,,,,,
1983-03-17,,,,,,,
1983-03-18,,,,,,,
1983-03-21,,,,,,,
1983-03-22,,,,,,,
1983-03-23,,,,,,,
1983-03-24,,,,,,,
1983-03-25,,,,,,,
1983-03-28,,,,,,,
1983-03-29,,,,,,,
1983-03-30,,,,,,,
1983-03-31,,,,,,,
1983-04-01,,,,,,,
1983-04-04,,,,,,,
1983-04-05,,,,,,,
1983-04-06,,,,,,,
1983-04-07,,,,,,,
1983-04-08,,,,,,,
1983-04-11,,,,,,,
1983-04-12,,,,,,,
1983-04-13,,,,,,,
1983-04-14,,,,,,,
1983-04-15,,,,,,,
1983-04-18,,,,,,,
1983-04-19,,,,,,,
1983-04-20,,,,,,,
1983-04-21,,,,,,,
1983-04-22,,,,,,,
1983-04-25,,,,,,,
1983-04-26,,,,,,,
1983-04-27,,,,,,,
1983-04-28,,,,,,,
1983-04-29,,,,,,,
1983-05-02,,,,,,,
1983-05-03,,,,,,,
1983-05-04,,,,,,,
1983-05-05,,,,,,,
1983-05-06,,,,,,,
1983-05-09,,,,,,,
1983-05-10,,,,,,,
1983-05-11,,,,,,,
1983-05-12,,,,,,,
1983-05-13,,,,,,,
1983-05-16,,,,,,,
1983-05-17,,,,,,,
1983-05-18,,,,,,,
1983-05-19,,,,,,,
1983-05-20,,,,,,,
1983-05-23,,,,,,,
1983-05-24,,,,,,,
1983-05-25,,,,,,,
1983-05-26,,,,,,,
1983-05-27,,,,,,,
1983-05-30,,,,,,,
1983-05-31,,,,,,,
1983-06-01,,,,,,,
1983-06-02,,,,,,,
1983-06-03,,,,,,,
1983-06-06,,,,,,,
1983-06-07,,,,,,,
1983-06-08,,,,,,,
1983-06-09,,,,,,,
1983-06-10,,,,,,,
1983-06-13,,,,,,,
1983-06-14,,,,,,,
1983-06-15,,,,,,,
1983-06-16,,,,,,,
1983-06-17,,,,,,,
1983-06-20,,,,,,,
1983-06-21,,,,,,,
1983-06-22,,,,,,,
1983-06-23,,,,,,,
1983-06-24,,,,,,,
1983-06-27,,,,,,,
1983-06-28,,,,,,,
1983-06-29,,,,,,,
1983-06-30,,,,,,,
1983-07-01,,,,,,,
1983-07-04,,,,,,,
1983-07-05,,,,,,,
1983-07-06,,,,,,,
1983-07-07,,,,,,,
1983-07-08,,,,,,,
1983-07-11,,,,,,,
1983-07-12,,,,,,,
1983-07-13,,,,,,,
1983-07-14,,,,,,,
1983-07-15,,,,,,,
1983-07-18,,,,,,,
1983-07-19,,,,,,,
1983-07-20,,,,,,,
1983-07-21,,,,,,,
1983-07-22,,,,,,,
1983-07-25,,,,,,,
1983-07-26,,,,,,,
1983-07-27,,,,,,,
1983-07-28,,,,,,,
1983-07-29,,,,,,,
1983-08-01,,,,,,,
1983-08-02,,,,,,,
1983-08-03,,,,,,,
1983-08-04,,,,,,,
1983-08-05,,,,,,,
1983-08-08,,,,,,,
1983-08-09,,,,,,,
1983-08-10,,,,,,,
1983-08-11,,,,,,,
1983-08-12,,,,,,,
1983-08-15,,,,,,,
1983-08-16,,,,,,,
1983-08-17,,,,,,,
1983-08-18,,,,,,,
1983-08-19,,,,,,,
1983-08-22,,,,,,,
1983-08-23,,,,,,,
1983-08-24,,,,,,,
1983-08-25,,,,,,,
1983-08-26,,,,,,,
1983-08-29,,,,,,,
1983-08-30,,,,,,,
1983-08-31,,,,,,,
1983-09-01,,,,,,,
1983-09-02,,,,,,,
1983-09-05,,,,,,,
1983-09-06,,,,,,,
1983-09-07,,,,,,,
1983-09-08,,,,,,,
1983-09-09,,,,,,,
1983-09-12,,,,,,,
1983-09-13,,,,,,,
1983-09-14,,,,,,,
1983-09-15,,,,,,,
1983-09-16,,,,,,,
1983-09-19,,,,,,,
1983-09-20,,,,,,,
1983-09-21,,,,,,,
1983-09-22,,,,,,,
1983-09-23,,,,,,,
1983-09-26,,,,,,,
1983-09-27,,,,,,,
1983-09-28,,,,,,,
1983-09-29,,,,,,,
1983-09-30,,,,,,,
1983-10-03,,,,,,,
1983-10-04,,,,,,,
1983-10-05,,,,,,,
1983-10-06,,,,,,,
1983-10-07,,,,,,,
1983-10-10,,,,,,,
1983-10-11,,,,,,,
1983-10-12,,,,,,,
1983-10-13,,,,,,,
1983-10-14,,,,,,,
1983-10-17,,,,,,,
1983-10-18,,,,,,,
1983-10-19,,,,,,,
1983-10-20,,,,,,,
1983-10-21,,,,,,,
1983-10-24,,,,,,,
1983-10-25,,,,,,,
1983-10-26,,,,,,,
1983-10-27,,,,,,,
1983-10-28,,,,,,,
1983-10-31,,,,,,,
1983-11-01,,,,,,,
1983-11-02,,,,,,,
1983-11-03,,,,,,,
1983-11-04,,,,,,,
1983-11-07,,,,,,,
1983-11-08,,,,,,,
1983-11-09,,,,,,,
1983-11-10,,,,,,,
1983-11-11,,,,,,,
1983-11-14,,,,,,,
1983-11-15,,,,,,,
1983-11-16,,,,,,,
1983-11-17,,,,,,,
1983-11-18,,,,,,,
1983-11-21,,,,,,,
1983-11-22,,,,,,,
1983-11-23,,,,,,,
1983-11-24,,,,,,,
1983-11-25,,,,,,,
1983-11-28,,,,,,,
1983-11-29,,,,,,,
1983-11-30,,,,,,,
1983-12-01,,,,,,,
1983-12-02,,,,,,,
1983-12-05,,,,,,,
1983-12-06,,,,,,,
1983-12-07,,,,,,,
1983-12-08,,,,,,,
1983-12-09,,,,,,,
1983-12-12,,,,,,,
1983-12-13,,,,,,,
1983-12-14,,,,,,,
1983-12-15,,,,,,,
1983-12-16,,,,,,,
1983-12-19,,,,,,,
1983-12-20,,,,,,,
1983-12-21,,,,,,,
1983-12-22,,,,,,,
1983-12-23,,,,,,,
1983-12-26,,,,,,,
1983-12-27,,,,,,,
1983-12-28,,,,,,,
1983-12-29,,,,,,,
1983-12-30,,,,,,,
1984-01-02,,,,,,,
1984-01-03,,,,,,,
1984-01-04,,,,,,,
1984-01-05,,,,,,,
1984-01-06,,,,,,,
1984-01-09,,,,,,,
1984-01-10,,,,,,,
1984-01-11,,,,,,,
1984-01-12,,,,,,,
1984-01-13,,,,,,,
1984-01-16,,,,,,,
1984-01-17,,,,,,,
1984-01-18,,,,,,,
1984-01-19,,,,,,,
1984-01-20,,,,,,,
1984-01-23,,,,,,,
1984-01-24,,,,,,,
1984-01-25,,,,,,,
1984-01-26,,,,,,,
1984-01-27,,,,,,,
1984-01-30,,,,,,,
1984-01-31,,,,,,,
1984-02-01,,,,,,,
1984-02-02,,,,,,,
1984-02-03,,,,,,,
1984-02-06,,,,,,,
1984-02-07,,,,,,,
1984-02-08,,,,,,,
1984-02-09,,,,,,,
1984-02-10,,,,,,,
1984-02-13,,,,,,,
1984-02-14,,,,,,,
1984-02-15,,,,,,,
1984-02-16,,,,,,,
1984-02-17,,,,,,,
1984-02-20,,,,,,,
1984-02-21,,,,,,,
1984-02-22,,,,,,,
1984-02-23,,,,,,,
1984-02-24,,,,,,,
1984-02-27,,,,,,,
1984-02-28,,,,,,,
1984-02-29,,,,,,,
1984-03-01,,,,,,,
1984-03-02,,,,,,,
1984-03-05,,,,,,,
1984-03-06,,,,,,,
1984-03-07,,,,,,,
1984-03-08,,,,,,,
1984-03-09,,,,,,,
1984-03-12,,,,,,,
1984-03-13,,,,,,,
1984-03-14,,,,,,,
1984-03-15,,,,,,,
1984-03-16,,,,,,,
1984-03-19,,,,,,,
1984-03-20,,,,,,,
1984-03-21,,,,,,,
1984-03-22,,,,,,,
1984-03-23,,,,,,,
1984-03-26,,,,,,,
1984-03-27,,,,,,,
1984-03-28,,,,,,,
1984-03-29,,,,,,,
1984-03-30,,,,,,,
1984-04-02,,,,,,,
1984-04-03,,,,,,,
1984-04-04,,,,,,,
1984-04-05,,,,,,,
1984-04-06,,,,,,,
1984-04-09,,,,,,,
1984-04-10,,,,,,,
1984-04-11,,,,,,,
1984-04-12,,,,,,,
1984-04-13,,,,,,,
1984-04-16,,,,,,,
1984-04-17,,,,,,,
1984-04-18,,,,,,,
1984-04-19,,,,,,,
1984-04-20,,,,,,,
1984-04-23,,,,,,,
1984-04-24,,,,,,,
1984-04-25,,,,,,,
1984-04-26,,,,,,,
1984-04-27,,,,,,,
1984-04-30,,,,,,,
1984-05-01,,,,,,,
1984-05-02,,,,,,,
1984-05-03,,,,,,,
1984-05-04,,,,,,,
1984-05-07,,,,,,,
1984-05-08,,,,,,,
1984-05-09,,,,,,,
1984-05-10,,,,,,,
1984-05-11,,,,,,,
1984-05-14,,,,,,,
1984-05-15,,,,,,,
1984-05-16,,,,,,,
1984-05-17,,,,,,,
1984-05-18,,,,,,,
1984-05-21,,,,,,,
1984-05-22,,,,,,,
1984-05-23,,,,,,,
1984-05-24,,,,,,,
1984-05-25,,,,,,,
1984-05-28,,,,,,,
1984-05-29,,,,,,,
1984-05-30,,,,,,,
1984-05-31,,,,,,,
1984-06-01,,,,,,,
1984-06-04,,,,,,,
1984-06-05,,,,,,,
1984-06-06,,,,,,,
1984-06-07,,,,,,,
1984-06-08,,,,,,,
1984-06-11,,,,,,,
1984-06-12,,,,,,,
1984-06-13,,,,,,,
1984-06-14,,,,,,,
1984-06-15,,,,,,,
1984-06-18,,,,,,,
1984-06-19,,,,,,,
1984-06-20,,,,,,,
1984-06-21,,,,,,,
1984-06-22,,,,,,,
1984-06-25,,,,,,,
1984-06-26,,,,,,,
1984-06-27,,,,,,,
1984-06-28,,,,,,,
1984-06-29,,,,,,,
1984-07-02,,,,,,,
1984-07-03,,,,,,,
1984-07-04,,,,,,,
1984-07-05,,,,,,,
1984-07-06,,,,,,,
1984-07-09,,,,,,,
1984-07-10,,,,,,,
1984-07-11,,,,,,,
1984-07-12,,,,,,,
1984-07-13,,,,,,,
1984-07-16,,,,,,,
1984-07-17,,,,,,,
1984-07-18,,,,,,,
1984-07-19,,,,,,,
1984-07-20,,,,,,,
1984-07-23,,,,,,,
1984-07-24,,,,,,,
1984-07-25,,,,,,,
1984-07-26,,,,,,,
1984-07-27,,,,,,,
1984-07-30,,,,,,,
1984-07-31,,,,,,,
1984-08-01,,,,,,,
1984-08-02,,,,,,,
1984-08-03,,,,,,,
1984-08-06,,,,,,,
1984-08-07,,,,,,,
1984-08-08,,,,,,,
1984-08-09,,,,,,,
1984-08-10,,,,,,,
1984-08-13,,,,,,,
1984-08-14,,,,,,,
1984-08-15,,,,,,,
1984-08-16,,,,,,,
1984-08-17,,,,,,,
1984-08-20,,,,,,,
1984-08-21,,,,,,,
1984-08-22,,,,,,,
1984-08-23,,,,,,,
1984-08-24,,,,,,,
1984-08-27,,,,,,,
1984-08-28,,,,,,,
1984-08-29,,,,,,,
1984-08-30,,,,,,,
1984-08-31,,,,,,,
1984-09-03,,,,,,,
1984-09-04,,,,,,,
1984-09-05,,,,,,,
1984-09-06,,,,,,,
1984-09-07,,,,,,,
1984-09-10,,,,,,,
1984-09-11,,,,,,,
1984-09-12,,,,,,,
1984-09-13,,,,,,,
1984-09-14,,,,,,,
1984-09-17,,,,,,,
1984-09-18,,,,,,,
1984-09-19,,,,,,,
1984-09-20,,,,,,,
1984-09-21,,,,,,,
1984-09-24,,,,,,,
1984-09-25,,,,,,,
1984-09-26,,,,,,,
1984-09-27,,,,,,,
1984-09-28,,,,,,,
1984-10-01,,,,,,,
1984-10-02,,,,,,,
1984-10-03,,,,,,,
1984-10-04,,,,,,,
1984-10-05,,,,,,,
1984-10-08,,,,,,,
1984-10-09,,,,,,,
1984-10-10,,,,,,,
1984-10-11,,,,,,,
1984-10-12,,,,,,,
1984-10-15,,,,,,,
1984-10-16,,,,,,,
1984-10-17,,,,,,,
1984-10-18,,,,,,,
1984-10-19,,,,,,,
1984-10-22,,,,,,,
1984-10-23,,,,,,,
1984-10-24,,,,,,,
1984-10-25,,,,,,,
1984-10-26,,,,,,,
1984-10-29,,,,,,,
1984-10-30,,,,,,,
1984-10-31,,,,,,,
1984-11-01,,,,,,,
1984-11-02,,,,,,,
1984-11-05,,,,,,,
1984-11-06,,,,,,,
1984-11-07,,,,,,,
1984-11-08,,,,,,,
1984-11-09,,,,,,,
1984-11-12,,,,,,,
1984-11-13,,,,,,,
1984-11-14,,,,,,,
1984-11-15,,,,,,,
1984-11-16,,,,,,,
1984-11-19,,,,,,,
1984-11-20,,,,,,,
1984-11-21,,,,,,,
1984-11-22,,,,,,,
1984-11-23,,,,,,,
1984-11-26,,,,,,,
1984-11-27,,,,,,,
1984-11-28,,,,,,,
1984-11-29,,,,,,,
1984-11-30,,,,,,,
1984-12-03,,,,,,,
1984-12-04,,,,,,,
1984-12-05,,,,,,,
1984-12-06,,,,,,,
1984-12-07,,,,,,,
1984-12-10,,,,,,,
1984-12-11,,,,,,,
1984-12-12,,,,,,,
1984-12-13,,,,,,,
1984-12-14,,,,,,,
1984-12-17,,,,,,,
1984-12-18,,,,,,,
1984-12-19,,,,,,,
1984-12-20,,,,,,,
1984-12-21,,,,,,,
1984-12-24,,,,,,,
1984-12-25,,,,,,,
1984-12-26,,,,,,,
1984-12-27,,,,,,,
1984-12-28,,,,,,,
1984-12-31,,,,,,,
1985-01-01,,,,,,,
1985-01-02,,,,,,,
1985-01-03,,,,,,,
1985-01-04,,,,,,,
1985-01-07,,,,,,,
1985-01-08,,,,,,,
1985-01-09,,,,,,,
1985-01-10,,,,,,,
1985-01-11,,,,,,,
1985-01-14,,,,,,,
1985-01-15,,,,,,,
1985-01-16,,,,,,,
1985-01-17,,,,,,,
1985-01-18,,,,,,,
1985-01-21,,,,,,,
1985-01-22,,,,,,,
1985-01-23,,,,,,,
1985-01-24,,,,,,,
1985-01-25,,,,,,,
1985-01-28,,,,,,,
1985-01-29,,,,,,,
1985-01-30,,,,,,,
1985-01-31,,,,,,,
1985-02-01,,,,,,,
1985-02-04,,,,,,,
1985-02-05,,,,,,,
1985-02-06,,,,,,,
1985-02-07,,,,,,,
1985-02-08,,,,,,,
1985-02-11,,,,,,,
1985-02-12,,,,,,,
1985-02-13,,,,,,,
1985-02-14,,,,,,,
1985-02-15,,,,,,,
1985-02-18,,,,,,,
1985-02-19,,,,,,,
1985-02-20,,,,,,,
1985-02-21,,,,,,,
1985-02-22,,,,,,,
1985-02-25,,,,,,,
1985-02-26,,,,,,,
1985-02-27,,,,,,,
1985-02-28,,,,,,,
1985-03-01,,,,,,,
1985-03-04,,,,,,,
1985-03-05,,,,,,,
1985-03-06,,,,,,,
1985-03-07,,,,,,,
1985-03-08,,,,,,,
1985-03-11,,,,,,,
1985-03-12,,,,,,,
1985-03-13,,,,,,,
1985-03-14,,,,,,,
1985-03-15,,,,,,,
1985-03-18,,,,,,,
1985-03-19,,,,,,,
1985-03-20,,,,,,,
1985-03-21,,,,,,,
1985-03-22,,,,,,,
1985-03-25,,,,,,,
1985-03-26,,,,,,,
1985-03-27,,,,,,,
1985-03-28,,,,,,,
1985-03-29,,,,,,,
1985-04-01,,,,,,,
1985-04-02,,,,,,,
1985-04-03,,,,,,,
1985-04-04,,,,,,,
1985-04-05,,,,,,,
1985-04-08,,,,,,,
1985-04-09,,,,,,,
1985-04-10,,,,,,,
1985-04-11,,,,,,,
1985-04-12,,,,,,,
1985-04-15,,,,,,,
1985-04-16,,,,,,,
1985-04-17,,,,,,,
1985-04-18,,,,,,,
1985-04-19,,,,,,,
1985-04-22,,,,,,,
1985-04-23,,,,,,,
1985-04-24,,,,,,,
1985-04-25,,,,,,,
1985-04-26,,,,,,,
1985-04-29,,,,,,,
1985-04-30,,,,,,,
1985-05-01,,,,,,,
1985-05-02,,,,,,,
1985-05-03,,,,,,,
1985-05-06,,,,,,,
1985-05-07,,,,,,,
1985-05-08,,,,,,,
1985-05-09,,,,,,,
1985-05-10,,,,,,,
1985-05-13,,,,,,,
1985-05-14,,,,,,,
1985-05-15,,,,,,,
1985-05-16,,,,,,,
1985-05-17,,,,,,,
1985-05-20,,,,,,,
1985-05-21,,,,,,,
1985-05-22,,,,,,,
1985-05-23,,,,,,,
1985-05-24,,,,,,,
1985-05-27,,,,,,,
1985-05-28,,,,,,,
1985-05-29,,,,,,,
1985-05-30,,,,,,,
1985-05-31,,,,,,,
1985-06-03,,,,,,,
1985-06-04,,,,,,,
1985-06-05,,,,,,,
1985-06-06,,,,,,,
1985-06-07,,,,,,,
1985-06-10,,,,,,,
1985-06-11,,,,,,,
1985-06-12,,,,,,,
1985-06-13,,,,,,,
1985-06-14,,,,,,,
1985-06-17,,,,,,,
1985-06-18,,,,,,,
1985-06-19,,,,,,,
1985-06-20,,,,,,,
1985-06-21,,,,,,,
1985-06-24,,,,,,,
1985-06-25,,,,,,,
1985-06-26,,,,,,,
1985-06-27,,,,,,,
1985-06-28,,,,,,,
1985-07-01,,,,,,,
1985-07-02,,,,,,,
1985-07-03,,,,,,,
1985-07-04,,,,,,,
1985-07-05,,,,,,,
1985-07-08,,,,,,,
1985-07-09,,,,,,,
1985-07-10,,,,,,,
1985-07-11,,,,,,,
1985-07-12,,,,,,,
1985-07-15,,,,,,,
1985-07-16,,,,,,,
1985-07-17,,,,,,,
1985-07-18,,,,,,,
1985-07-19,,,,,,,
1985-07-22,,,,,,,
1985-07-23,,,,,,,
1985-07-24,,,,,,,
1985-07-25,,,,,,,
1985-07-26,,,,,,,
1985-07-29,,,,,,,
1985-07-30,,,,,,,
1985-07-31,,,,,,,
1985-08-01,,,,,,,
1985-08-02,,,,,,,
1985-08-05,,,,,,,
1985-08-06,,,,,,,
1985-08-07,,,,,,,
1985-08-08,,,,,,,
1985-08-09,,,,,,,
1985-08-12,,,,,,,
1985-08-13,,,,,,,
1985-08-14,,,,,,,
1985-08-15,,,,,,,
1985-08-16,,,,,,,
1985-08-19,,,,,,,
1985-08-20,,,,,,,
1985-08-21,,,,,,,
1985-08-22,,,,,,,
1985-08-23,,,,,,,
1985-08-26,,,,,,,
1985-08-27,,,,,,,
1985-08-28,,,,,,,
1985-08-29,,,,,,,
1985-08-30,,,,,,,
1985-09-02,,,,,,,
1985-09-03,,,,,,,
1985-09-04,,,,,,,
1985-09-05,,,,,,,
1985-09-06,,,,,,,
1985-09-09,,,,,,,
1985-09-10,,,,,,,
1985-09-11,,,,,,,
1985-09-12,,,,,,,
1985-09-13,,,,,,,
1985-09-16,,,,,,,
1985-09-17,,,,,,,
1985-09-18,,,,,,,
1985-09-19,,,,,,,
1985-09-20,,,,,,,
1985-09-23,,,,,,,
1985-09-24,,,,,,,
1985-09-25,,,,,,,
1985-09-26,,,,,,,
1985-09-27,,,,,,,
1985-09-30,,,,,,,
1985-10-01,,,,,,,
1985-10-02,,,,,,,
1985-10-03,,,,,,,
1985-10-04,,,,,,,
1985-10-07,,,,,,,
1985-10-08,,,,,,,
1985-10-09,,,,,,,
1985-10-10,,,,,,,
1985-10-11,,,,,,,
1985-10-14,,,,,,,
1985-10-15,,,,,,,
1985-10-16,,,,,,,
1985-10-17,,,,,,,
1985-10-18,,,,,,,
1985-10-21,,,,,,,
1985-10-22,,,,,,,
1985-10-23,,,,,,,
1985-10-24,,,,,,,
1985-10-25,,,,,,,
1985-10-28,,,,,,,
1985-10-29,,,,,,,
1985-10-30,,,,,,,
1985-10-31,,,,,,,
1985-11-01,,,,,,,
1985-11-04,,,,,,,
1985-11-05,,,,,,,
1985-11-06,,,,,,,
1985-11-07,,,,,,,
1985-11-08,,,,,,,
1985-11-11,,,,,,,
1985-11-12,,,,,,,
1985-11-13,,,,,,,
1985-11-14,,,,,,,
1985-11-15,,,,,,,
1985-11-18,,,,,,,
1985-11-19,,,,,,,
1985-11-20,,,,,,,
1985-11-21,,,,,,,
1985-11-22,,,,,,,
1985-11-25,,,,,,,
1985-11-26,,,,,,,
1985-11-27,,,,,,,
1985-11-28,,,,,,,
1985-11-29,,,,,,,
1985-12-02,,,,,,,
1985-12-03,,,,,,,
1985-12-04,,,,,,,
1985-12-05,,,,,,,
1985-12-06,,,,,,,
1985-12-09,,,,,,,
1985-12-10,,,,,,,
1985-12-11,,,,,,,
1985-12-12,,,,,,,
1985-12-13,,,,,,,
1985-12-16,,,,,,,
1985-12-17,,,,,,,
1985-12-18,,,,,,,
1985-12-19,,,,,,,
1985-12-20,,,,,,,
1985-12-23,,,,,,,
1985-12-24,,,,,,,
1985-12-25,,,,,,,
1985-12-26,,,,,,,
1985-12-27,,,,,,,
1985-12-30,,,,,,,
1985-12-31,,,,,,,
1986-01-02,,,,,,,
1986-01-03,,,,,,,
1986-01-06,,,,,,,
1986-01-07,,,,,,,
1986-01-08,,,,,,,
1986-01-09,,,,,,,
1986-01-10,,,,,,,
1986-01-13,,,,,,,
1986-01-14,,,,,,,
1986-01-15,,,,,,,
1986-01-16,,,,,,,
1986-01-17,,,,,,,
1986-01-20,,,,,,,
1986-01-21,,,,,,,
1986-01-22,,,,,,,
1986-01-23,,,,,,,
1986-01-24,,,,,,,
1986-01-27,,,,,,,
1986-01-28,,,,,,,
1986-01-29,,,,,,,
1986-01-30,,,,,,,
1986-01-31,,,,,,,
1986-02-03,,,,,,,
1986-02-04,,,,,,,
1986-02-05,,,,,,,
1986-02-06,,,,,,,
1986-02-07,,,,,,,
1986-02-10,,,,,,,
1986-02-11,,,,,,,
1986-02-12,,,,,,,
1986-02-13,,,,,,,
1986-02-14,,,,,,,
1986-02-17,,,,,,,
1986-02-18,,,,,,,
1986-02-19,,,,,,,
1986-02-20,,,,,,,
1986-02-21,,,,,,,
1986-02-24,,,,,,,
1986-02-25,,,,,,,
1986-02-26,,,,,,,
1986-02-27,,,,,,,
1986-02-28,,,,,,,
1986-03-03,,,,,,,
1986-03-04,,,,,,,
1986-03-05,,,,,,,
1986-03-06,,,,,,,
1986-03-07,,,,,,,
1986-03-10,,,,,,,
1986-03-11,,,,,,,
1986-03-12,,,,,,,
1986-03-13,,,,,,,
1986-03-14,,,,,,,
1986-03-17,,,,,,,
1986-03-18,,,,,,,
1986-03-19,,,,,,,
1986-03-20,,,,,,,
1986-03-21,,,,,,,
1986-03-24,,,,,,,
1986-03-25,,,,,,,
1986-03-26,,,,,,,
1986-03-27,,,,,,,
1986-04-01,,,,,,,
1986-04-02,,,,,,,
1986-04-03,,,,,,,
1986-04-04,,,,,,,
1986-04-07,,,,,,,
1986-04-08,,,,,,,
1986-04-09,,,,,,,
1986-04-10,,,,,,,
1986-04-11,,,,,,,
1986-04-14,,,,,,,
1986-04-15,,,,,,,
1986-04-16,,,,,,,
1986-04-17,,,,,,,
1986-04-18,,,,,,,
1986-04-21,,,,,,,
1986-04-22,,,,,,,
1986-04-23,,,,,,,
1986-04-24,,,,,,,
1986-04-25,,,,,,,
1986-04-28,,,,,,,
1986-04-29,,,,,,,
1986-04-30,,,,,,,
1986-05-01,,,,,,,
1986-05-02,,,,,,,
1986-05-05,,,,,,,
1986-05-06,,,,,,,
1986-05-07,,,,,,,
1986-05-08,,,,,,,
1986-05-09,,,,,,,
1986-05-12,,,,,,,
1986-05-13,,,,,,,
1986-05-14,,,,,,,
1986-05-15,,,,,,,
1986-05-16,,,,,,,
1986-05-19,,,,,,,
1986-05-20,,,,,,,
1986-05-21,,,,,,,
1986-05-22,,,,,,,
1986-05-23,,,,,,,
1986-05-26,,,,,,,
1986-05-27,,,,,,,
1986-05-28,,,,,,,
1986-05-29,,,,,,,
1986-05-30,,,,,,,
1986-06-02,,,,,,,
1986-06-03,,,,,,,
1986-06-04,,,,,,,
1986-06-05,,,,,,,
1986-06-06,,,,,,,
1986-06-09,,,,,,,
1986-06-10,,,,,,,
1986-06-11,,,,,,,
1986-06-12,,,,,,,
1986-06-13,,,,,,,
1986-06-16,,,,,,,
1986-06-17,,,,,,,
1986-06-18,,,,,,,
1986-06-19,,,,,,,
1986-06-20,,,,,,,
1986-06-23,,,,,,,
1986-06-24,,,,,,,
1986-06-25,,,,,,,
1986-06-26,,,,,,,
1986-06-27,,,,,,,
1986-06-30,,,,,,,
1986-07-01,,,,,,,
1986-07-02,,,,,,,
1986-07-03,,,,,,,
1986-07-04,,,,,,,
1986-07-07,,,,,,,
1986-07-08,,,,,,,
1986-07-09,,,,,,,
1986-07-10,,,,,,,
1986-07-11,,,,,,,
1986-07-14,,,,,,,
1986-07-15,,,,,,,
1986-07-16,,,,,,,
1986-07-17,,,,,,,
1986-07-18,,,,,,,
1986-07-21,,,,,,,
1986-07-22,,,,,,,
1986-07-23,,,,,,,
1986-07-24,,,,,,,
1986-07-25,,,,,,,
1986-07-28,,,,,,,
1986-07-29,,,,,,,
1986-07-30,,,,,,,
1986-07-31,,,,,,,
1986-08-01,,,,,,,
1986-08-04,,,,,,,
1986-08-05,,,,,,,
1986-08-06,,,,,,,
1986-08-07,,,,,,,
1986-08-08,,,,,,,
1986-08-11,,,,,,,
1986-08-12,,,,,,,
1986-08-13,,,,,,,
1986-08-14,,,,,,,
1986-08-15,,,,,,,
1986-08-18,,,,,,,
1986-08-19,,,,,,,
1986-08-20,,,,,,,
1986-08-21,,,,,,,
1986-08-22,,,,,,,
1986-08-25,,,,,,,
1986-08-26,,,,,,,
1986-08-27,,,,,,,
1986-08-28,,,,,,,
1986-08-29,,,,,,,
1986-09-01,,,,,,,
1986-09-02,,,,,,,
1986-09-03,,,,,,,
1986-09-04,,,,,,,
1986-09-05,,,,,,,
1986-09-08,,,,,,,
1986-09-09,,,,,,,
1986-09-10,,,,,,,
1986-09-11,,,,,,,
1986-09-12,,,,,,,
1986-09-15,,,,,,,
1986-09-16,,,,,,,
1986-09-17,,,,,,,
1986-09-18,,,,,,,
1986-09-19,,,,,,,
1986-09-22,,,,,,,
1986-09-23,,,,,,,
1986-09-24,,,,,,,
1986-09-25,,,,,,,
1986-09-26,,,,,,,
1986-09-29,,,,,,,
1986-09-30,,,,,,,
1986-10-01,,,,,,,
1986-10-02,,,,,,,
1986-10-03,,,,,,,
1986-10-06,,,,,,,
1986-10-07,,,,,,,
1986-10-08,,,,,,,
1986-10-09,,,,,,,
1986-10-10,,,,,,,
1986-10-13,,,,,,,
1986-10-14,,,,,,,
1986-10-15,,,,,,,
1986-10-16,,,,,,,
1986-10-17,,,,,,,
1986-10-20,,,,,,,
1986-10-21,,,,,,,
1986-10-22,,,,,,,
1986-10-23,,,,,,,
1986-10-24,,,,,,,
1986-10-27,,,,,,,
1986-10-28,,,,,,,
1986-10-29,,,,,,,
1986-10-30,,,,,,,
1986-10-31,,,,,,,
1986-11-03,,,,,,,
1986-11-04,,,,,,,
1986-11-05,,,,,,,
1986-11-06,,,,,,,
1986-11-07,,,,,,,
1986-11-10,,,,,,,
1986-11-11,,,,,,,
1986-11-12,,,,,,,
1986-11-13,,,,,,,
1986-11-14,,,,,,,
1986-11-17,,,,,,,
1986-11-18,,,,,,,
1986-11-19,,,,,,,
1986-11-20,,,,,,,
1986-11-21,,,,,,,
1986-11-24,,,,,,,
1986-11-25,,,,,,,
1986-11-26,,,,,,,
1986-11-27,,,,,,,
1986-11-28,,,,,,,
1986-12-01,,,,,,,
1986-12-02,,,,,,,
1986-12-03,,,,,,,
1986-12-04,,,,,,,
1986-12-05,,,,,,,
1986-12-08,,,,,,,
1986-12-09,,,,,,,
1986-12-10,,,,,,,
1986-12-11,,,,,,,
1986-12-12,,,,,,,
1986-12-15,,,,,,,
1986-12-16,,,,,,,
1986-12-17,,,,,,,
1986-12-18,,,,,,,
1986-12-19,,,,,,,
1986-12-22,,,,,,,
1986-12-23,,,,,,,
1986-12-24,,,,,,,
1986-12-29,,,,,,,
1986-12-30,,,,,,,
1986-12-31,,,,,,,
1987-01-02,,,,,,,
1987-01-05,,,,,,,
1987-01-06,,,,,,,
1987-01-07,,,,,,,
1987-01-08,,,,,,,
1987-01-09,,,,,,,
1987-01-12,,,,,,,
1987-01-13,,,,,,,
1987-01-14,,,,,,,
1987-01-15,,,,,,,
1987-01-16,,,,,,,
1987-01-19,,,,,,,
1987-01-20,,,,,,,
1987-01-21,,,,,,,
1987-01-22,,,,,,,
1987-01-23,,,,,,,
1987-01-26,,,,,,,
1987-01-27,,,,,,,
1987-01-28,,,,,,,
1987-01-29,,,,,,,
1987-01-30,,,,,,,
1987-02-02,,,,,,,
1987-02-03,,,,,,,
1987-02-04,,,,,,,
1987-02-05,,,,,,,
1987-02-06,,,,,,,
1987-02-09,,,,,,,
1987-02-10,,,,,,,
1987-02-11,,,,,,,
1987-02-12,,,,,,,
1987-02-13,,,,,,,
1987-02-16,,,,,,,
1987-02-17,,,,,,,
1987-02-18,,,,,,,
1987-02-19,,,,,,,
1987-02-20,,,,,,,
1987-02-23,,,,,,,
1987-02-24,,,,,,,
1987-02-25,,,,,,,
1987-02-26,,,,,,,
1987-02-27,,,,,,,
1987-03-02,,,,,,,
1987-03-03,,,,,,,
1987-03-04,,,,,,,
1987-03-05,,,,,,,
1987-03-06,,,,,,,
1987-03-09,,,,,,,
1987-03-10,,,,,,,
1987-03-11,,,,,,,
1987-03-12,,,,,,,
1987-03-13,,,,,,,
1987-03-16,,,,,,,
1987-03-17,,,,,,,
1987-03-18,,,,,,,
1987-03-19,,,,,,,
1987-03-20,,,,,,,
1987-03-23,,,,,,,
1987-03-24,,,,,,,
1987-03-25,,,,,,,
1987-03-26,,,,,,,
1987-03-27,,,,,,,
1987-03-30,,,,,,,
1987-03-31,,,,,,,
1987-04-01,,,,,,,
1987-04-02,,,,,,,
1987-04-03,,,,,,,
1987-04-06,,,,,,,
1987-04-07,,,,,,,
1987-04-08,,,,,,,
1987-04-09,,,,,,,
1987-04-10,,,,,,,
1987-04-13,,,,,,,
1987-04-14,,,,,,,
1987-04-15,,,,,,,
1987-04-16,,,,,,,
1987-04-21,,,,,,,
1987-04-22,,,,,,,
1987-04-23,,,,,,,
1987-04-24,,,,,,,
1987-04-27,,,,,,,
1987-04-28,,,,,,,
1987-04-29,,,,,,,
1987-04-30,,,,,,,
1987-05-01,,,,,,,
1987-05-04,,,,,,,
1987-05-05,,,,,,,
1987-05-06,,,,,,,
1987-05-07,,,,,,,
1987-05-08,,,,,,,
1987-05-11,,,,,,,
1987-05-12,,,,,,,
1987-05-13,,,,,,,
1987-05-14,,,,,,,
1987-05-15,,,,,,,
1987-05-18,,,,,,,
1987-05-19,,,,,,,
1987-05-20,,,,,,,
1987-05-21,,,,,,,
1987-05-22,,,,,,,
1987-05-25,,,,,,,
1987-05-26,,,,,,,
1987-05-27,,,,,,,
1987-05-28,,,,,,,
1987-05-29,,,,,,,
1987-06-01,,,,,,,
1987-06-02,,,,,,,
1987-06-03,,,,,,,
1987-06-04,,,,,,,
1987-06-05,,,,,,,
1987-06-08,,,,,,,
1987-06-09,,,,,,,
1987-06-10,,,,,,,
1987-06-11,,,,,,,
1987-06-12,,,,,,,
1987-06-15,,,,,,,
1987-06-16,,,,,,,
1987-06-17,,,,,,,
1987-06-18,,,,,,,
1987-06-19,,,,,,,
1987-06-22,,,,,,,
1987-06-23,,,,,,,
1987-06-24,,,,,,,
1987-06-25,,,,,,,
1987-06-26,,,,,,,
1987-06-29,,,,,,,
1987-06-30,,,,,,,
1987-07-01,,,,,,,
1987-07-02,,,,,,,
1987-07-03,,,,,,,
1987-07-06,,,,,,,
1987-07-07,,,,,,,
1987-07-08,,,,,,,
1987-07-09,,,,,,,
1987-07-10,,,,,,,
1987-07-13,,,,,,,
1987-07-14,,,,,,,
1987-07-15,,,,,,,
1987-07-16,,,,,,,
1987-07-17,,,,,,,
1987-07-20,,,,,,,
1987-07-21,,,,,,,
1987-07-22,,,,,,,
1987-07-23,,,,,,,
1987-07-24,,,,,,,
1987-07-27,,,,,,,
1987-07-28,,,,,,,
1987-07-29,,,,,,,
1987-07-30,,,,,,,
1987-07-31,,,,,,,
1987-08-03,,,,,,,
1987-08-04,,,,,,,
1987-08-05,,,,,,,
1987-08-06,,,,,,,
1987-08-07,,,,,,,
1987-08-10,,,,,,,
1987-08-11,,,,,,,
1987-08-12,,,,,,,
1987-08-13,,,,,,,
1987-08-14,,,,,,,
1987-08-17,,,,,,,
1987-08-18,,,,,,,
1987-08-19,,,,,,,
1987-08-20,,,,,,,
1987-08-21,,,,,,,
1987-08-24,,,,,,,
1987-08-25,,,,,,,
1987-08-26,,,,,,,
1987-08-27,,,,,,,
1987-08-28,,,,,,,
1987-08-31,,,,,,,
1987-09-01,,,,,,,
1987-09-02,,,,,,,
1987-09-03,,,,,,,
1987-09-04,,,,,,,
1987-09-07,,,,,,,
1987-09-08,,,,,,,
1987-09-09,,,,,,,
1987-09-10,,,,,,,
1987-09-11,,,,,,,
1987-09-14,,,,,,,
1987-09-15,,,,,,,
1987-09-16,,,,,,,
1987-09-17,,,,,,,
1987-09-18,,,,,,,
1987-09-21,,,,,,,
1987-09-22,,,,,,,
1987-09-23,,,,,,,
1987-09-24,,,,,,,
1987-09-25,,,,,,,
1987-09-28,,,,,,,
1987-09-29,,,,,,,
1987-09-30,,,,,,,
1987-10-01,,,,,,,
1987-10-02,,,,,,,
1987-10-05,,,,,,,
1987-10-06,,,,,,,
1987-10-07,,,,,,,
1987-10-08,,,,,,,
1987-10-09,,,,,,,
1987-10-12,,,,,,,
1987-10-13,,,,,,,
1987-10-14,,,,,,,
1987-10-15,,,,,,,
1987-10-16,,,,,,,
1987-10-19,,,,,,,
1987-10-20,,,,,,,
1987-10-21,,,,,,,
1987-10-22,,,,,,,
1987-10-23,,,,,,,
1987-10-26,,,,,,,
1987-10-27,,,,,,,
1987-10-28,,,,,,,
1987-10-29,,,,,,,
1987-10-30,,,,,,,
1987-11-02,,,,,,,
1987-11-03,,,,,,,
1987-11-04,,,,,,,
1987-11-05,,,,,,,
1987-11-06,,,,,,,
1987-11-09,,,,,,,
1987-11-10,,,,,,,
1987-11-11,,,,,,,
1987-11-12,,,,,,,
1987-11-13,,,,,,,
1987-11-16,,,,,,,
1987-11-17,,,,,,,
1987-11-18,,,,,,,
1987-11-19,,,,,,,
1987-11-20,,,,,,,
1987-11-23,,,,,,,
1987-11-24,,,,,,,
1987-11-25,,,,,,,
1987-11-26,,,,,,,
1987-11-27,,,,,,,
1987-11-30,,,,,,,
1987-12-01,,,,,,,
1987-12-02,,,,,,,
1987-12-03,,,,,,,
1987-12-04,,,,,,,
1987-12-07,,,,,,,
1987-12-08,,,,,,,
1987-12-09,,,,,,,
1987-12-10,,,,,,,
1987-12-11,,,,,,,
1987-12-14,,,,,,,
1987-12-15,,,,,,,
1987-12-16,,,,,,,
1987-12-17,,,,,,,
1987-12-18,,,,,,,
1987-12-21,,,,,,,
1987-12-22,,,,,,,
1987-12-23,,,,,,,
1987-12-24,,,,,,,
1987-12-28,,,,,,,
1987-12-29,,,,,,,
1987-12-30,,,,,,,
1987-12-31,,,,,,,
1988-01-04,,,,,,,
1988-01-05,,,,,,,
1988-01-06,,,,,,,
1988-01-07,,,,,,,
1988-01-08,,,,,,,
1988-01-11,,,,,,,
1988-01-12,,,,,,,
1988-01-13,,,,,,,
1988-01-14,,,,,,,
1988-01-15,,,,,,,
1988-01-18,,,,,,,
1988-01-19,,,,,,,
1988-01-20,,,,,,,
1988-01-21,,,,,,,
1988-01-22,,,,,,,
1988-01-25,,,,,,,
1988-01-26,,,,,,,
1988-01-27,,,,,,,
1988-01-28,,,,,,,
1988-01-29,,,,,,,
1988-02-01,,,,,,,
1988-02-02,,,,,,,
1988-02-03,,,,,,,
1988-02-04,,,,,,,
1988-02-05,,,,,,,
1988-02-06,,,,,,,
1988-02-08,,,,,,,
1988-02-09,,,,,,,
1988-02-10,,,,,,,
1988-02-11,,,,,,,
1988-02-12,,,,,,,
1988-02-15,,,,,,,
1988-02-16,,,,,,,
1988-02-17,,,,,,,
1988-02-18,,,,,,,
1988-02-19,,,,,,,
1988-02-22,,,,,,,
1988-02-23,,,,,,,
1988-02-24,,,,,,,
1988-02-25,,,,,,,
1988-02-26,,,,,,,
1988-02-29,,,,,,,
1988-03-01,,,,,,,
1988-03-02,,,,,,,
1988-03-03,,,,,,,
1988-03-04,,,,,,,
1988-03-07,,,,,,,
1988-03-08,,,,,,,
1988-03-09,,,,,,,
1988-03-10,,,,,,,
1988-03-11,,,,,,,
1988-03-14,,,,,,,
1988-03-15,,,,,,,
1988-03-16,,,,,,,
1988-03-17,,,,,,,
1988-03-18,,,,,,,
1988-03-21,,,,,,,
1988-03-22,,,,,,,
1988-03-23,,,,,,,
1988-03-24,,,,,,,
1988-03-25,,,,,,,
1988-03-28,,,,,,,
1988-03-29,,,,,,,
1988-03-30,,,,,,,
1988-03-31,,,,,,,
1988-04-05,,,,,,,
1988-04-06,,,,,,,
1988-04-07,,,,,,,
1988-04-08,,,,,,,
1988-04-11,,,,,,,
1988-04-12,,,,,,,
1988-04-13,,,,,,,
1988-04-14,,,,,,,
1988-04-15,,,,,,,
1988-04-18,,,,,,,
1988-04-19,,,,,,,
1988-04-20,,,,,,,
1988-04-21,,,,,,,
1988-04-22,,,,,,,
1988-04-25,,,,,,,
1988-04-26,,,,,,,
1988-04-27,,,,,,,
1988-04-28,,,,,,,
1988-04-29,,,,,,,
1988-05-02,,,,,,,
1988-05-03,,,,,,,
1988-05-04,,,,,,,
1988-05-05,,,,,,,
1988-05-06,,,,,,,
1988-05-09,,,,,,,
1988-05-10,,,,,,,
1988-05-11,,,,,,,
1988-05-12,,,,,,,
1988-05-13,,,,,,,
1988-05-16,,,,,,,
1988-05-17,,,,,,,
1988-05-18,,,,,,,
1988-05-19,,,,,,,
1988-05-20,,,,,,,
1988-05-23,,,,,,,
1988-05-24,,,,,,,
1988-05-25,,,,,,,
1988-05-26,,,,,,,
1988-05-27,,,,,,,
1988-05-30,,,,,,,
1988-05-31,,,,,,,
1988-06-01,,,,,,,
1988-06-02,,,,,,,
1988-06-03,,,,,,,
1988-06-06,,,,,,,
1988-06-07,,,,,,,
1988-06-08,,,,,,,
1988-06-09,,,,,,,
1988-06-10,,,,,,,
1988-06-13,,,,,,,
1988-06-14,,,,,,,
1988-06-15,,,,,,,
1988-06-16,,,,,,,
1988-06-17,,,,,,,
1988-06-20,,,,,,,
1988-06-21,,,,,,,
1988-06-22,,,,,,,
1988-06-23,,,,,,,
1988-06-24,,,,,,,
1988-06-27,,,,,,,
1988-06-28,,,,,,,
1988-06-29,,,,,,,
1988-06-30,,,,,,,
1988-07-01,,,,,,,
1988-07-04,,,,,,,
1988-07-05,,,,,,,
1988-07-06,,,,,,,
1988-07-07,,,,,,,
1988-07-08,,,,,,,
1988-07-11,,,,,,,
1988-07-12,,,,,,,
1988-07-13,,,,,,,
1988-07-14,,,,,,,
1988-07-15,,,,,,,
1988-07-18,,,,,,,
1988-07-19,,,,,,,
1988-07-20,,,,,,,
1988-07-21,,,,,,,
1988-07-22,,,,,,,
1988-07-25,,,,,,,
1988-07-26,,,,,,,
1988-07-27,,,,,,,
1988-07-28,,,,,,,
1988-07-29,,,,,,,
1988-08-01,,,,,,,
1988-08-02,,,,,,,
1988-08-03,,,,,,,
1988-08-04,,,,,,,
1988-08-05,,,,,,,
1988-08-08,,,,,,,
1988-08-09,,,,,,,
1988-08-10,,,,,,,
1988-08-11,,,,,,,
1988-08-12,,,,,,,
1988-08-15,,,,,,,
1988-08-16,,,,,,,
1988-08-17,,,,,,,
1988-08-18,,,,,,,
1988-08-19,,,,,,,
1988-08-22,,,,,,,
1988-08-23,,,,,,,
1988-08-24,,,,,,,
1988-08-25,,,,,,,
1988-08-26,,,,,,,
1988-08-29,,,,,,,
1988-08-30,,,,,,,
1988-08-31,,,,,,,
1988-09-01,,,,,,,
1988-09-02,,,,,,,
1988-09-05,,,,,,,
1988-09-06,,,,,,,
1988-09-07,,,,,,,
1988-09-08,,,,,,,
1988-09-09,,,,,,,
1988-09-12,,,,,,,
1988-09-13,,,,,,,
1988-09-14,,,,,,,
1988-09-15,,,,,,,
1988-09-16,,,,,,,
1988-09-19,,,,,,,
1988-09-20,,,,,,,
1988-09-21,,,,,,,
1988-09-22,,,,,,,
1988-09-23,,,,,,,
1988-09-26,,,,,,,
1988-09-27,,,,,,,
1988-09-28,,,,,,,
1988-09-29,,,,,,,
1988-09-30,,,,,,,
1988-10-03,,,,,,,
1988-10-04,,,,,,,
1988-10-05,,,,,,,
1988-10-06,,,,,,,
1988-10-07,,,,,,,
1988-10-10,,,,,,,
1988-10-11,,,,,,,
1988-10-12,,,,,,,
1988-10-13,,,,,,,
1988-10-14,,,,,,,
1988-10-17,,,,,,,
1988-10-18,,,,,,,
1988-10-19,,,,,,,
1988-10-20,,,,,,,
1988-10-21,,,,,,,
1988-10-24,,,,,,,
1988-10-25,,,,,,,
1988-10-26,,,,,,,
1988-10-27,,,,,,,
1988-10-28,,,,,,,
1988-10-31,,,,,,,
1988-11-01,,,,,,,
1988-11-02,,,,,,,
1988-11-03,,,,,,,
1988-11-04,,,,,,,
1988-11-07,,,,,,,
1988-11-08,,,,,,,
1988-11-09,,,,,,,
1988-11-10,,,,,,,
1988-11-11,,,,,,,
1988-11-14,,,,,,,
1988-11-15,,,,,,,
1988-11-16,,,,,,,
1988-11-17,,,,,,,
1988-11-18,,,,,,,
1988-11-21,,,,,,,
1988-11-22,,,,,,,
1988-11-23,,,,,,,
1988-11-24,,,,,,,
1988-11-25,,,,,,,
1988-11-28,,,,,,,
1988-11-29,,,,,,,
1988-11-30,,,,,,,
1988-12-01,,,,,,,
1988-12-02,,,,,,,
1988-12-05,,,,,,,
1988-12-06,,,,,,,
1988-12-07,,,,,,,
1988-12-08,,,,,,,
1988-12-09,,,,,,,
1988-12-12,,,,,,,
1988-12-13,,,,,,,
1988-12-14,,,,,,,
1988-12-15,,,,,,,
1988-12-16,,,,,,,
1988-12-19,,,,,,,
1988-12-20,,,,,,,
1988-12-21,,,,,,,
1988-12-22,,,,,,,
1988-12-23,,,,,,,
1988-12-26,,,,,,,
1988-12-27,,,,,,,
1988-12-28,,,,,,,
1988-12-29,,,,,,,
1988-12-30,,,,,,,
1989-01-02,,,,,,,
1989-01-03,,,,,,,
1989-01-04,,,,,,,
1989-01-05,,,,,,,
1989-01-06,,,,,,,
1989-01-09,,,,,,,
1989-01-10,,,,,,,
1989-01-11,,,,,,,
1989-01-12,,,,,,,
1989-01-13,,,,,,,
1989-01-16,,,,,,,
1989-01-17,,,,,,,
1989-01-18,,,,,,,
1989-01-19,,,,,,,
1989-01-20,,,,,,,
1989-01-23,,,,,,,
1989-01-24,,,,,,,
1989-01-25,,,,,,,
1989-01-26,,,,,,,
1989-01-27,,,,,,,
1989-01-30,,,,,,,
1989-01-31,,,,,,,
1989-02-01,,,,,,,
1989-02-02,,,,,,,
1989-02-03,,,,,,,
1989-02-06,,,,,,,
1989-02-07,,,,,,,
1989-02-08,,,,,,,
1989-02-09,,,,,,,
1989-02-10,,,,,,,
1989-02-13,,,,,,,
1989-02-14,,,,,,,
1989-02-15,,,,,,,
1989-02-16,,,,,,,
1989-02-17,,,,,,,
1989-02-20,,,,,,,
1989-02-21,,,,,,,
1989-02-22,,,,,,,
1989-02-23,,,,,,,
1989-02-24,,,,,,,
1989-02-27,,,,,,,
1989-02-28,,,,,,,
1989-03-01,,,,,,,
1989-03-02,,,,,,,
1989-03-03,,,,,,,
1989-03-06,,,,,,,
1989-03-07,,,,,,,
1989-03-08,,,,,,,
1989-03-09,,,,,,,
1989-03-10,,,,,,,
1989-03-13,,,,,,,
1989-03-14,,,,,,,
1989-03-15,,,,,,,
1989-03-16,,,,,,,
1989-03-17,,,,,,,
1989-03-20,,,,,,,
1989-03-21,,,,,,,
1989-03-22,,,,,,,
1989-03-23,,,,,,,
1989-03-24,,,,,,,
1989-03-27,,,,,,,
1989-03-28,,,,,,,
1989-03-29,,,,,,,
1989-03-30,,,,,,,
1989-03-31,,,,,,,
1989-04-03,,,,,,,
1989-04-04,,,,,,,
1989-04-05,,,,,,,
1989-04-06,,,,,,,
1989-04-07,,,,,,,
1989-04-10,,,,,,,
1989-04-11,,,,,,,
1989-04-12,,,,,,,
1989-04-13,,,,,,,
1989-04-14,,,,,,,
1989-04-17,,,,,,,
1989-04-18,,,,,,,
1989-04-19,,,,,,,
1989-04-20,,,,,,,
1989-04-21,,,,,,,
1989-04-24,,,,,,,
1989-04-25,,,,,,,
1989-04-26,,,,,,,
1989-04-27,,,,,,,
1989-04-28,,,,,,,
1989-05-01,,,,,,,
1989-05-02,,,,,,,
1989-05-03,,,,,,,
1989-05-04,,,,,,,
1989-05-05,,,,,,,
1989-05-08,,,,,,,
1989-05-09,,,,,,,
1989-05-10,,,,,,,
1989-05-11,,,,,,,
1989-05-12,,,,,,,
1989-05-15,,,,,,,
1989-05-16,,,,,,,
1989-05-17,,,,,,,
1989-05-18,,,,,,,
1989-05-19,,,,,,,
1989-05-22,,,,,,,
1989-05-23,,,,,,,
1989-05-24,,,,,,,
1989-05-25,,,,,,,
1989-05-26,,,,,,,
1989-05-29,,,,,,,
1989-05-30,,,,,,,
1989-05-31,,,,,,,
1989-06-01,,,,,,,
1989-06-02,,,,,,,
1989-06-05,,,,,,,
1989-06-06,,,,,,,
1989-06-07,,,,,,,
1989-06-08,,,,,,,
1989-06-09,,,,,,,
1989-06-12,,,,,,,
1989-06-13,,,,,,,
1989-06-14,,,,,,,
1989-06-15,,,,,,,
1989-06-16,,,,,,,
1989-06-19,,,,,,,
1989-06-20,,,,,,,
1989-06-21,,,,,,,
1989-06-22,,,,,,,
1989-06-23,,,,,,,
1989-06-26,,,,,,,
1989-06-27,,,,,,,
1989-06-28,,,,,,,
1989-06-29,,,,,,,
1989-06-30,,,,,,,
1989-07-03,,,,,,,
1989-07-04,,,,,,,
1989-07-05,,,,,,,
1989-07-06,,,,,,,
1989-07-07,,,,,,,
1989-07-10,,,,,,,
1989-07-11,,,,,,,
1989-07-12,,,,,,,
1989-07-13,,,,,,,
1989-07-14,,,,,,,
1989-07-17,,,,,,,
1989-07-18,,,,,,,
1989-07-19,,,,,,,
1989-07-20,,,,,,,
1989-07-21,,,,,,,
1989-07-24,,,,,,,
1989-07-25,,,,,,,
1989-07-26,,,,,,,
1989-07-27,,,,,,,
1989-07-28,,,,,,,
1989-07-31,,,,,,,
1989-08-01,,,,,,,
1989-08-02,,,,,,,
1989-08-03,,,,,,,
1989-08-04,,,,,,,
1989-08-07,,,,,,,
1989-08-08,,,,,,,
1989-08-09,,,,,,,
1989-08-10,,,,,,,
1989-08-11,,,,,,,
1989-08-14,,,,,,,
1989-08-15,,,,,,,
1989-08-16,,,,,,,
1989-08-17,,,,,,,
1989-08-18,,,,,,,
1989-08-21,,,,,,,
1989-08-22,,,,,,,
1989-08-23,,,,,,,
1989-08-24,,,,,,,
1989-08-25,,,,,,,
1989-08-28,,,,,,,
1989-08-29,,,,,,,
1989-08-30,,,,,,,
1989-08-31,,,,,,,
1989-09-01,,,,,,,
1989-09-04,,,,,,,
1989-09-05,,,,,,,
1989-09-06,,,,,,,
1989-09-07,,,,,,,
1989-09-08,,,,,,,
1989-09-11,,,,,,,
1989-09-12,,,,,,,
1989-09-13,,,,,,,
1989-09-14,,,,,,,
1989-09-15,,,,,,,
1989-09-18,,,,,,,
1989-09-19,,,,,,,
1989-09-20,,,,,,,
1989-09-21,,,,,,,
1989-09-22,,,,,,,
1989-09-25,,,,,,,
1989-09-26,,,,,,,
1989-09-27,,,,,,,
1989-09-28,,,,,,,
1989-09-29,,,,,,,
1989-10-02,,,,,,,
1989-10-03,,,,,,,
1989-10-04,,,,,,,
1989-10-05,,,,,,,
1989-10-06,,,,,,,
1989-10-09,,,,,,,
1989-10-10,,,,,,,
1989-10-11,,,,,,,
1989-10-12,,,,,,,
1989-10-13,,,,,,,
1989-10-16,,,,,,,
1989-10-17,,,,,,,
1989-10-18,,,,,,,
1989-10-19,,,,,,,
1989-10-20,,,,,,,
1989-10-23,,,,,,,
1989-10-24,,,,,,,
1989-10-25,,,,,,,
1989-10-26,,,,,,,
1989-10-27,,,,,,,
1989-10-30,,,,,,,
1989-10-31,,,,,,,
1989-11-01,,,,,,,
1989-11-02,,,,,,,
1989-11-03,,,,,,,
1989-11-06,,,,,,,
1989-11-07,,,,,,,
1989-11-08,,,,,,,
1989-11-09,,,,,,,
1989-11-10,,,,,,,
1989-11-13,,,,,,,
1989-11-14,,,,,,,
1989-11-15,,,,,,,
1989-11-16,,,,,,,
1989-11-17,,,,,,,
1989-11-20,,,,,,,
1989-11-21,,,,,,,
1989-11-22,,,,,,,
1989-11-23,,,,,,,
1989-11-24,,,,,,,
1989-11-27,,,,,,,
1989-11-28,,,,,,,
1989-11-29,,,,,,,
1989-11-30,,,,,,,
1989-12-01,,,,,,,
1989-12-04,,,,,,,
1989-12-05,,,,,,,
1989-12-06,,,,,,,
1989-12-07,,,,,,,
1989-12-08,,,,,,,
1989-12-11,,,,,,,
1989-12-12,,,,,,,
1989-12-13,,,,,,,
1989-12-14,,,,,,,
1989-12-15,,,,,,,
1989-12-18,,,,,,,
1989-12-19,,,,,,,
1989-12-20,,,,,,,
1989-12-21,,,,,,,
1989-12-22,,,,,,,
1989-12-25,,,,,,,
1989-12-26,,,,,,,
1989-12-27,,,,,,,
1989-12-28,,,,,,,
1989-12-29,,,,,,,
1990-01-01,,,,,,,
1990-01-02,,,,,,,
1990-01-03,,,,,,,
1990-01-04,,,,,,,
1990-01-05,,,,,,,
1990-01-08,,,,,,,
1990-01-09,,,,,,,
1990-01-10,,,,,,,
1990-01-11,,,,,,,
1990-01-12,,,,,,,
1990-01-15,,,,,,,
1990-01-16,,,,,,,
1990-01-17,,,,,,,
1990-01-18,,,,,,,
1990-01-19,,,,,,,
1990-01-22,,,,,,,
1990-01-23,,,,,,,
1990-01-24,,,,,,,
1990-01-25,,,,,,,
1990-01-26,,,,,,,
1990-01-29,,,,,,,
1990-01-30,,,,,,,
1990-01-31,,,,,,,
1990-02-01,,,,,,,
1990-02-02,,,,,,,
1990-02-05,,,,,,,
1990-02-06,,,,,,,
1990-02-07,,,,,,,
1990-02-08,,,,,,,
1990-02-09,,,,,,,
1990-02-12,,,,,,,
1990-02-13,,,,,,,
1990-02-14,,,,,,,
1990-02-15,,,,,,,
1990-02-16,,,,,,,
1990-02-19,,,,,,,
1990-02-20,,,,,,,
1990-02-21,,,,,,,
1990-02-22,,,,,,,
1990-02-23,,,,,,,
1990-02-26,,,,,,,
1990-02-27,,,,,,,
1990-02-28,,,,,,,
1990-03-01,,,,,,,
1990-03-02,,,,,,,
1990-03-05,,,,,,,
1990-03-06,,,,,,,
1990-03-07,,,,,,,
1990-03-08,,,,,,,
1990-03-09,,,,,,,
1990-03-12,,,,,,,
1990-03-13,,,,,,,
1990-03-14,,,,,,,
1990-03-15,,,,,,,
1990-03-16,,,,,,,
1990-03-19,,,,,,,
1990-03-20,,,,,,,
1990-03-21,,,,,,,
1990-03-22,,,,,,,
1990-03-23,,,,,,,
1990-03-26,,,,,,,
1990-03-27,,,,,,,
1990-03-28,,,,,,,
1990-03-29,,,,,,,
1990-03-30,,,,,,,
1990-04-02,,,,,,,
1990-04-03,,,,,,,
1990-04-04,,,,,,,
1990-04-05,,,,,,,
1990-04-06,,,,,,,
1990-04-09,,,,,,,
1990-04-10,,,,,,,
1990-04-11,,,,,,,
1990-04-12,,,,,,,
1990-04-13,,,,,,,
1990-04-16,,,,,,,
1990-04-17,,,,,,,
1990-04-18,,,,,,,
1990-04-19,,,,,,,
1990-04-20,,,,,,,
1990-04-23,,,,,,,
1990-04-24,,,,,,,
1990-04-25,,,,,,,
1990-04-26,,,,,,,
1990-04-27,,,,,,,
1990-04-30,,,,,,,
1990-05-01,,,,,,,
1990-05-02,,,,,,,
1990-05-03,,,,,,,
1990-05-04,,,,,,,
1990-05-07,,,,,,,
1990-05-08,,,,,,,
1990-05-09,,,,,,,
1990-05-10,,,,,,,
1990-05-11,,,,,,,
1990-05-14,,,,,,,
1990-05-15,,,,,,,
1990-05-16,,,,,,,
1990-05-17,,,,,,,
1990-05-18,,,,,,,
1990-05-21,,,,,,,
1990-05-22,,,,,,,
1990-05-23,,,,,,,
1990-05-24,,,,,,,
1990-05-25,,,,,,,
1990-05-28,,,,,,,
1990-05-29,,,,,,,
1990-05-30,,,,,,,
1990-05-31,,,,,,,
1990-06-01,,,,,,,
1990-06-04,,,,,,,
1990-06-05,,,,,,,
1990-06-06,,,,,,,
1990-06-07,,,,,,,
1990-06-08,,,,,,,
1990-06-11,,,,,,,
1990-06-12,,,,,,,
1990-06-13,,,,,,,
1990-06-14,,,,,,,
1990-06-15,,,,,,,
1990-06-18,,,,,,,
1990-06-19,,,,,,,
1990-06-20,,,,,,,
1990-06-21,,,,,,,
1990-06-22,,,,,,,
1990-06-25,,,,,,,
1990-06-26,,,,,,,
1990-06-27,,,,,,,
1990-06-28,,,,,,,
1990-06-29,,,,,,,
1990-07-02,,,,,,,
1990-07-03,,,,,,,
1990-07-04,,,,,,,
1990-07-05,,,,,,,
1990-07-06,,,,,,,
1990-07-09,,,,,,,
1990-07-10,,,,,,,
1990-07-11,,,,,,,
1990-07-12,,,,,,,
1990-07-13,,,,,,,
1990-07-16,,,,,,,
1990-07-17,,,,,,,
1990-07-18,,,,,,,
1990-07-19,,,,,,,
1990-07-20,,,,,,,
1990-07-23,,,,,,,
1990-07-24,,,,,,,
1990-07-25,,,,,,,
1990-07-26,,,,,,,
1990-07-27,,,,,,,
1990-07-30,,,,,,,
1990-07-31,,,,,,,
1990-08-01,,,,,,,
1990-08-02,,,,,,,
1990-08-03,,,,,,,
1990-08-06,,,,,,,
1990-08-07,,,,,,,
1990-08-08,,,,,,,
1990-08-09,,,,,,,
1990-08-10,,,,,,,
1990-08-13,,,,,,,
1990-08-14,,,,,,,
1990-08-15,,,,,,,
1990-08-16,,,,,,,
1990-08-17,,,,,,,
1990-08-20,,,,,,,
1990-08-21,,,,,,,
1990-08-22,,,,,,,
1990-08-23,,,,,,,
1990-08-24,,,,,,,
1990-08-27,,,,,,,
1990-08-28,,,,,,,
1990-08-29,,,,,,,
1990-08-30,,,,,,,
1990-08-31,,,,,,,
1990-09-03,,,,,,,
1990-09-04,,,,,,,
1990-09-05,,,,,,,
1990-09-06,,,,,,,
1990-09-07,,,,,,,
1990-09-10,,,,,,,
1990-09-11,,,,,,,
1990-09-12,,,,,,,
1990-09-13,,,,,,,
1990-09-14,,,,,,,
1990-09-17,,,,,,,
1990-09-18,,,,,,,
1990-09-19,,,,,,,
1990-09-20,,,,,,,
1990-09-21,,,,,,,
1990-09-24,,,,,,,
1990-09-25,,,,,,,
1990-09-26,,,,,,,
1990-09-27,,,,,,,
1990-09-28,,,,,,,
1990-10-01,,,,,,,
1990-10-02,,,,,,,
1990-10-03,,,,,,,
1990-10-04,,,,,,,
1990-10-05,,,,,,,
1990-10-08,,,,,,,
1990-10-09,,,,,,,
1990-10-10,,,,,,,
1990-10-11,,,,,,,
1990-10-12,,,,,,,
1990-10-15,,,,,,,
1990-10-16,,,,,,,
1990-10-17,,,,,,,
1990-10-18,,,,,,,
1990-10-19,,,,,,,
1990-10-22,,,,,,,
1990-10-23,,,,,,,
1990-10-24,,,,,,,
1990-10-25,,,,,,,
1990-10-26,,,,,,,
1990-10-29,,,,,,,
1990-10-30,,,,,,,
1990-10-31,,,,,,,
1990-11-01,,,,,,,
1990-11-02,,,,,,,
1990-11-05,,,,,,,
1990-11-06,,,,,,,
1990-11-07,,,,,,,
1990-11-08,,,,,,,
1990-11-09,,,,,,,
1990-11-12,,,,,,,
1990-11-13,,,,,,,
1990-11-14,,,,,,,
1990-11-15,,,,,,,
1990-11-16,,,,,,,
1990-11-19,,,,,,,
1990-11-20,,,,,,,
1990-11-21,,,,,,,
1990-11-22,,,,,,,
1990-11-23,,,,,,,
1990-11-26,,,,,,,
1990-11-27,,,,,,,
1990-11-28,,,,,,,
1990-11-29,,,,,,,
1990-11-30,,,,,,,
1990-12-03,,,,,,,
1990-12-04,,,,,,,
1990-12-05,,,,,,,
1990-12-06,,,,,,,
1990-12-07,,,,,,,
1990-12-10,,,,,,,
1990-12-11,,,,,,,
1990-12-12,,,,,,,
1990-12-13,,,,,,,
1990-12-14,,,,,,,
1990-12-17,,,,,,,
1990-12-18,,,,,,,
1990-12-19,,,,,,,
1990-12-20,,,,,,,
1990-12-21,,,,,,,
1990-12-24,,,,,,,
1990-12-25,,,,,,,
1990-12-26,,,,,,,
1990-12-27,,,,,,,
1990-12-28,,,,,,,
1990-12-31,,,,,,,
1991-01-01,,,,,,,
1991-01-02,,,,,,,
1991-01-03,,,,,,,
1991-01-04,,,,,,,
1991-01-07,,,,,,,
1991-01-08,,,,,,,
1991-01-09,,,,,,,
1991-01-10,,,,,,,
1991-01-11,,,,,,,
1991-01-14,,,,,,,
1991-01-15,,,,,,,
1991-01-16,,,,,,,
1991-01-17,,,,,,,
1991-01-18,,,,,,,
1991-01-21,,,,,,,
1991-01-22,,,,,,,
1991-01-23,,,,,,,
1991-01-24,,,,,,,
1991-01-25,,,,,,,
1991-01-28,,,,,,,
1991-01-29,,,,,,,
1991-01-30,,,,,,,
1991-01-31,,,,,,,
1991-02-01,,,,,,,
1991-02-04,,,,,,,
1991-02-05,,,,,,,
1991-02-06,,,,,,,
1991-02-07,,,,,,,
1991-02-08,,,,,,,
1991-02-11,,,,,,,
1991-02-12,,,,,,,
1991-02-13,,,,,,,
1991-02-14,,,,,,,
1991-02-15,,,,,,,
1991-02-18,,,,,,,
1991-02-19,,,,,,,
1991-02-20,,,,,,,
1991-02-21,,,,,,,
1991-02-22,,,,,,,
1991-02-25,,,,,,,
1991-02-26,,,,,,,
1991-02-27,,,,,,,
1991-02-28,,,,,,,
1991-03-01,,,,,,,
1991-03-04,,,,,,,
1991-03-05,,,,,,,
1991-03-06,,,,,,,
1991-03-07,,,,,,,
1991-03-08,,,,,,,
1991-03-11,,,,,,,
1991-03-12,,,,,,,
1991-03-13,,,,,,,
1991-03-14,,,,,,,
1991-03-15,,,,,,,
1991-03-18,,,,,,,
1991-03-19,,,,,,,
1991-03-20,,,,,,,
1991-03-21,,,,,,,
1991-03-22,,,,,,,
1991-03-25,,,,,,,
1991-03-26,,,,,,,
1991-03-27,,,,,,,
1991-03-28,,,,,,,
1991-03-29,,,,,,,
1991-04-01,,,,,,,
1991-04-02,,,,,,,
1991-04-03,,,,,,,
1991-04-04,,,,,,,
1991-04-05,,,,,,,
1991-04-08,,,,,,,
1991-04-09,,,,,,,
1991-04-10,,,,,,,
1991-04-11,,,,,,,
1991-04-12,,,,,,,
1991-04-15,,,,,,,
1991-04-16,,,,,,,
1991-04-17,,,,,,,
1991-04-18,,,,,,,
1991-04-19,,,,,,,
1991-04-22,,,,,,,
1991-04-23,,,,,,,
1991-04-24,,,,,,,
1991-04-25,,,,,,,
1991-04-26,,,,,,,
1991-04-29,,,,,,,
1991-04-30,,,,,,,
1991-05-01,,,,,,,
1991-05-02,,,,,,,
1991-05-03,,,,,,,
1991-05-06,,,,,,,
1991-05-07,,,,,,,
1991-05-08,,,,,,,
1991-05-09,,,,,,,
1991-05-10,,,,,,,
1991-05-13,,,,,,,
1991-05-14,,,,,,,
1991-05-15,,,,,,,
1991-05-16,,,,,,,
1991-05-17,,,,,,,
1991-05-20,,,,,,,
1991-05-21,,,,,,,
1991-05-22,,,,,,,
1991-05-23,,,,,,,
1991-05-24,,,,,,,
1991-05-27,,,,,,,
1991-05-28,,,,,,,
1991-05-29,,,,,,,
1991-05-30,,,,,,,
1991-05-31,,,,,,,
1991-06-03,,,,,,,
1991-06-04,,,,,,,
1991-06-05,,,,,,,
1991-06-06,,,,,,,
1991-06-07,,,,,,,
1991-06-10,,,,,,,
1991-06-11,,,,,,,
1991-06-12,,,,,,,
1991-06-13,,,,,,,
1991-06-14,,,,,,,
1991-06-17,,,,,,,
1991-06-18,,,,,,,
1991-06-19,,,,,,,
1991-06-20,,,,,,,
1991-06-21,,,,,,,
1991-06-24,,,,,,,
1991-06-25,,,,,,,
1991-06-26,,,,,,,
1991-06-27,,,,,,,
1991-06-28,,,,,,,
1991-07-01,,,,,,,
1991-07-02,,,,,,,
1991-07-03,,,,,,,
1991-07-04,,,,,,,
1991-07-05,,,,,,,
1991-07-08,,,,,,,
1991-07-09,,,,,,,
1991-07-10,,,,,,,
1991-07-11,,,,,,,
1991-07-12,,,,,,,
1991-07-15,,,,,,,
1991-07-16,,,,,,,
1991-07-17,,,,,,,
1991-07-18,,,,,,,
1991-07-19,,,,,,,
1991-07-22,,,,,,,
1991-07-23,,,,,,,
1991-07-24,,,,,,,
1991-07-25,,,,,,,
1991-07-26,,,,,,,
1991-07-29,,,,,,,
1991-07-30,,,,,,,
1991-07-31,,,,,,,
1991-08-01,,,,,,,
1991-08-02,,,,,,,
1991-08-05,,,,,,,
1991-08-06,,,,,,,
1991-08-07,,,,,,,
1991-08-08,,,,,,,
1991-08-09,,,,,,,
1991-08-12,,,,,,,
1991-08-13,,,,,,,
1991-08-14,,,,,,,
1991-08-15,,,,,,,
1991-08-16,,,,,,,
1991-08-19,,,,,,,
1991-08-20,,,,,,,
1991-08-21,,,,,,,
1991-08-22,,,,,,,
1991-08-23,,,,,,,
1991-08-26,,,,,,,
1991-08-27,,,,,,,
1991-08-28,,,,,,,
1991-08-29,,,,,,,
1991-08-30,,,,,,,
1991-09-02,,,,,,,
1991-09-03,,,,,,,
1991-09-04,,,,,,,
1991-09-05,,,,,,,
1991-09-06,,,,,,,
1991-09-09,,,,,,,
1991-09-10,,,,,,,
1991-09-11,,,,,,,
1991-09-12,,,,,,,
1991-09-13,,,,,,,
1991-09-16,,,,,,,
1991-09-17,,,,,,,
1991-09-18,,,,,,,
1991-09-19,,,,,,,
1991-09-20,,,,,,,
1991-09-23,,,,,,,
1991-09-24,,,,,,,
1991-09-25,,,,,,,
1991-09-26,,,,,,,
1991-09-27,,,,,,,
1991-09-30,,,,,,,
1991-10-01,,,,,,,
1991-10-02,,,,,,,
1991-10-03,,,,,,,
1991-10-04,,,,,,,
1991-10-07,,,,,,,
1991-10-08,,,,,,,
1991-10-09,,,,,,,
1991-10-10,,,,,,,
1991-10-11,,,,,,,
1991-10-14,,,,,,,
1991-10-15,,,,,,,
1991-10-16,,,,,,,
1991-10-17,,,,,,,
1991-10-18,,,,,,,
1991-10-21,,,,,,,
1991-10-22,,,,,,,
1991-10-23,,,,,,,
1991-10-24,,,,,,,
1991-10-25,,,,,,,
1991-10-28,,,,,,,
1991-10-29,,,,,,,
1991-10-30,,,,,,,
1991-10-31,,,,,,,
1991-11-01,,,,,,,
1991-11-04,,,,,,,
1991-11-05,,,,,,,
1991-11-06,,,,,,,
1991-11-07,,,,,,,
1991-11-08,,,,,,,
1991-11-11,,,,,,,
1991-11-12,,,,,,,
1991-11-13,,,,,,,
1991-11-14,,,,,,,
1991-11-15,,,,,,,
1991-11-18,,,,,,,
1991-11-19,,,,,,,
1991-11-20,,,,,,,
1991-11-21,,,,,,,
1991-11-22,,,,,,,
1991-11-25,,,,,,,
1991-11-26,,,,,,,
1991-11-27,,,,,,,
1991-11-28,,,,,,,
1991-11-29,,,,,,,
1991-12-02,,,,,,,
1991-12-03,,,,,,,
1991-12-04,,,,,,,
1991-12-05,,,,,,,
1991-12-06,,,,,,,
1991-12-09,,,,,,,
1991-12-10,,,,,,,
1991-12-11,,,,,,,
1991-12-12,,,,,,,
1991-12-13,,,,,,,
1991-12-16,,,,,,,
1991-12-17,,,,,,,
1991-12-18,,,,,,,
1991-12-19,,,,,,,
1991-12-20,,,,,,,
1991-12-23,,,,,,,
1991-12-24,,,,,,,
1991-12-25,,,,,,,
1991-12-26,,,,,,,
1991-12-27,,,,,,,
1991-12-30,,,,,,,
1991-12-31,,,,,,,
1992-01-01,,,,,,,
1992-01-02,,,,,,,
1992-01-03,,,,,,,
1992-01-06,,,,,,,
1992-01-07,,,,,,,
1992-01-08,,,,,,,
1992-01-09,,,,,,,
1992-01-10,,,,,,,
1992-01-13,,,,,,,
1992-01-14,,,,,,,
1992-01-15,,,,,,,
1992-01-16,,,,,,,
1992-01-17,,,,,,,
1992-01-20,,,,,,,
1992-01-21,,,,,,,
1992-01-22,,,,,,,
1992-01-23,,,,,,,
1992-01-24,,,,,,,
1992-01-27,,,,,,,
1992-01-28,,,,,,,
1992-01-29,,,,,,,
1992-01-30,,,,,,,
1992-01-31,,,,,,,
1992-02-03,,,,,,,
1992-02-04,,,,,,,
1992-02-05,,,,,,,
1992-02-06,,,,,,,
1992-02-07,,,,,,,
1992-02-10,,,,,,,
1992-02-11,,,,,,,
1992-02-12,,,,,,,
1992-02-13,,,,,,,
1992-02-14,,,,,,,
1992-02-17,,,,,,,
1992-02-18,,,,,,,
1992-02-19,,,,,,,
1992-02-20,,,,,,,
1992-02-21,,,,,,,
1992-02-24,,,,,,,
1992-02-25,,,,,,,
1992-02-26,,,,,,,
1992-02-27,,,,,,,
1992-02-28,,,,,,,
1992-03-02,,,,,,,
1992-03-03,,,,,,,
1992-03-04,,,,,,,
1992-03-05,,,,,,,
1992-03-06,,,,,,,
1992-03-09,,,,,,,
1992-03-10,,,,,,,
1992-03-11,,,,,,,
1992-03-12,,,,,,,
1992-03-13,,,,,,,
1992-03-16,,,,,,,
1992-03-17,,,,,,,
1992-03-18,,,,,,,
1992-03-19,,,,,,,
1992-03-20,,,,,,,
1992-03-23,,,,,,,
1992-03-24,,,,,,,
1992-03-25,,,,,,,
1992-03-26,,,,,,,
1992-03-27,,,,,,,
1992-03-30,,,,,,,
1992-03-31,,,,,,,
1992-04-01,,,,,,,
1992-04-02,,,,,,,
1992-04-03,,,,,,,
1992-04-06,,,,,,,
1992-04-07,,,,,,,
1992-04-08,,,,,,,
1992-04-09,,,,,,,
1992-04-10,,,,,,,
1992-04-13,,,,,,,
1992-04-14,,,,,,,
1992-04-15,,,,,,,
1992-04-16,,,,,,,
1992-04-17,,,,,,,
1992-04-20,,,,,,,
1992-04-21,,,,,,,
1992-04-22,,,,,,,
1992-04-23,,,,,,,
1992-04-24,,,,,,,
1992-04-27,,,,,,,
1992-04-28,,,,,,,
1992-04-29,,,,,,,
1992-04-30,,,,,,,
1992-05-01,,,,,,,
1992-05-04,,,,,,,
1992-05-05,,,,,,,
1992-05-06,,,,,,,
1992-05-07,,,,,,,
1992-05-08,,,,,,,
1992-05-11,,,,,,,
1992-05-12,,,,,,,
1992-05-13,,,,,,,
1992-05-14,,,,,,,
1992-05-15,,,,,,,
1992-05-18,,,,,,,
1992-05-19,,,,,,,
1992-05-20,,,,,,,
1992-05-21,,,,,,,
1992-05-22,,,,,,,
1992-05-25,,,,,,,
1992-05-26,,,,,,,
1992-05-27,,,,,,,
1992-05-28,,,,,,,
1992-05-29,,,,,,,
1992-06-01,,,,,,,
1992-06-02,,,,,,,
1992-06-03,,,,,,,
1992-06-04,,,,,,,
1992-06-05,,,,,,,
1992-06-08,,,,,,,
1992-06-09,,,,,,,
1992-06-10,,,,,,,
1992-06-11,,,,,,,
1992-06-12,,,,,,,
1992-06-15,,,,,,,
1992-06-16,,,,,,,
1992-06-17,,,,,,,
1992-06-18,,,,,,,
1992-06-19,,,,,,,
1992-06-22,,,,,,,
1992-06-23,,,,,,,
1992-06-24,,,,,,,
1992-06-25,,,,,,,
1992-06-26,,,,,,,
1992-06-29,,,,,,,
1992-06-30,,,,,,,
1992-07-01,,,,,,,
1992-07-02,,,,,,,
1992-07-03,,,,,,,
1992-07-06,,,,,,,
1992-07-07,,,,,,,
1992-07-08,,,,,,,
1992-07-09,,,,,,,
1992-07-10,,,,,,,
1992-07-13,,,,,,,
1992-07-14,,,,,,,
1992-07-15,,,,,,,
1992-07-16,,,,,,,
1992-07-17,,,,,,,
1992-07-20,,,,,,,
1992-07-21,,,,,,,
1992-07-22,,,,,,,
1992-07-23,,,,,,,
1992-07-24,,,,,,,
1992-07-27,,,,,,,
1992-07-28,,,,,,,
1992-07-29,,,,,,,
1992-07-30,,,,,,,
1992-07-31,,,,,,,
1992-08-03,,,,,,,
1992-08-04,,,,,,,
1992-08-05,,,,,,,
1992-08-06,,,,,,,
1992-08-07,,,,,,,
1992-08-10,,,,,,,
1992-08-11,,,,,,,
1992-08-12,,,,,,,
1992-08-13,,,,,,,
1992-08-14,,,,,,,
1992-08-17,,,,,,,
1992-08-18,,,,,,,
1992-08-19,,,,,,,
1992-08-20,,,,,,,
1992-08-21,,,,,,,
1992-08-24,,,,,,,
1992-08-25,,,,,,,
1992-08-26,,,,,,,
1992-08-27,,,,,,,
1992-08-28,,,,,,,
1992-08-31,,,,,,,
1992-09-01,,,,,,,
1992-09-02,,,,,,,
1992-09-03,,,,,,,
1992-09-04,,,,,,,
1992-09-07,,,,,,,
1992-09-08,,,,,,,
1992-09-09,,,,,,,
1992-09-10,,,,,,,
1992-09-11,,,,,,,
1992-09-14,,,,,,,
1992-09-15,,,,,,,
1992-09-16,,,,,,,
1992-09-17,,,,,,,
1992-09-18,,,,,,,
1992-09-21,,,,,,,
1992-09-22,,,,,,,
1992-09-23,,,,,,,
1992-09-24,,,,,,,
1992-09-25,,,,,,,
1992-09-28,,,,,,,
1992-09-29,,,,,,,
1992-09-30,,,,,,,
1992-10-01,,,,,,,
1992-10-02,,,,,,,
1992-10-03,,,,,,,
1992-10-05,,,,,,,
1992-10-06,,,,,,,
1992-10-07,,,,,,,
1992-10-08,,,,,,,
1992-10-09,,,,,,,
1992-10-10,,,,,,,
1992-10-12,,,,,,,
1992-10-13,,,,,,,
1992-10-14,,,,,,,
1992-10-15,,,,,,,
1992-10-16,,,,,,,
1992-10-19,,,,,,,
1992-10-20,,,,,,,
1992-10-21,,,,,,,
1992-10-22,,,,,,,
1992-10-23,,,,,,,
1992-10-26,,,,,,,
1992-10-27,,,,,,,
1992-10-28,,,,,,,
1992-10-29,,,,,,,
1992-10-30,,,,,,,
1992-11-02,,,,,,,
1992-11-03,,,,,,,
1992-11-04,,,,,,,
1992-11-05,,,,,,,
1992-11-06,,,,,,,
1992-11-07,,,,,,,
1992-11-08,,,,,,,
1992-11-09,,,,,,,
1992-11-10,,,,,,,
1992-11-11,,,,,,,
1992-11-12,,,,,,,
1992-11-13,,,,,,,
1992-11-14,,,,,,,
1992-11-16,,,,,,,
1992-11-17,,,,,,,
1992-11-18,,,,,,,
1992-11-19,,,,,,,
1992-11-20,,,,,,,
1992-11-23,,,,,,,
1992-11-24,,,,,,,
1992-11-25,,,,,,,
1992-11-26,,,,,,,
1992-11-27,,,,,,,
1992-11-28,,,,,,,
1992-11-30,,,,,,,
1992-12-01,,,,,,,
1992-12-02,,,,,,,
1992-12-03,,,,,,,
1992-12-04,,,,,,,
1992-12-07,,,,,,,
1992-12-08,,,,,,,
1992-12-09,,,,,,,
1992-12-10,,,,,,,
1992-12-11,,,,,,,
1992-12-14,,,,,,,
1992-12-15,,,,,,,
1992-12-16,,,,,,,
1992-12-17,,,,,,,
1992-12-18,,,,,,,
1992-12-21,,,,,,,
1992-12-22,,,,,,,
1992-12-23,,,,,,,
1992-12-24,,,,,,,
1992-12-25,,,,,,,
1992-12-28,,,,,,,
1992-12-29,,,,,,,
1992-12-30,,,,,,,
1992-12-31,,,,,,,
1993-01-01,,,,,,,
1993-01-04,,,,,,,
1993-01-05,,,,,,,
1993-01-06,,,,,,,
1993-01-07,,,,,,,
1993-01-08,,,,,,,
1993-01-11,,,,,,,
1993-01-12,,,,,,,
1993-01-13,,,,,,,
1993-01-14,,,,,,,
1993-01-15,,,,,,,
1993-01-18,,,,,,,
1993-01-19,,,,,,,
1993-01-20,,,,,,,
1993-01-21,,,,,,,
1993-01-22,,,,,,,
1993-01-25,,,,,,,
1993-01-26,,,,,,,
1993-01-27,,,,,,,
1993-01-28,,,,,,,
1993-01-29,,,,,,,
1993-02-01,,,,,,,
1993-02-02,,,,,,,
1993-02-03,,,,,,,
1993-02-04,,,,,,,
1993-02-05,,,,,,,
1993-02-08,,,,,,,
1993-02-09,,,,,,,
1993-02-10,,,,,,,
1993-02-11,,,,,,,
1993-02-12,,,,,,,
1993-02-15,,,,,,,
1993-02-16,,,,,,,
1993-02-17,,,,,,,
1993-02-18,,,,,,,
1993-02-19,,,,,,,
1993-02-22,,,,,,,
1993-02-23,,,,,,,
1993-02-24,,,,,,,
1993-02-25,,,,,,,
1993-02-26,,,,,,,
1993-03-01,,,,,,,
1993-03-02,,,,,,,
1993-03-03,,,,,,,
1993-03-04,,,,,,,
1993-03-05,,,,,,,
1993-03-08,,,,,,,
1993-03-09,,,,,,,
1993-03-10,,,,,,,
1993-03-11,,,,,,,
1993-03-12,,,,,,,
1993-03-15,,,,,,,
1993-03-16,,,,,,,
1993-03-17,,,,,,,
1993-03-18,,,,,,,
1993-03-19,,,,,,,
1993-03-22,,,,,,,
1993-03-23,,,,,,,
1993-03-24,,,,,,,
1993-03-25,,,,,,,
1993-03-26,,,,,,,
1993-03-29,,,,,,,
1993-03-30,,,,,,,
1993-03-31,,,,,,,
1993-04-01,,,,,,,
1993-04-02,,,,,,,
1993-04-05,,,,,,,
1993-04-06,,,,,,,
1993-04-07,,,,,,,
1993-04-08,,,,,,,
1993-04-13,,,,,,,
1993-04-14,,,,,,,
1993-04-15,,,,,,,
1993-04-16,,,,,,,
1993-04-19,,,,,,,
1993-04-20,,,,,,,
1993-04-21,,,,,,,
1993-04-22,,,,,,,
1993-04-23,,,,,,,
1993-04-26,,,,,,,
1993-04-27,,,,,,,
1993-04-28,,,,,,,
1993-04-29,,,,,,,
1993-04-30,,,,,,,
1993-05-03,,,,,,,
1993-05-04,,,,,,,
1993-05-05,,,,,,,
1993-05-06,,,,,,,
1993-05-07,,,,,,,
1993-05-10,,,,,,,
1993-05-11,,,,,,,
1993-05-12,,,,,,,
1993-05-13,,,,,,,
1993-05-14,,,,,,,
1993-05-17,,,,,,,
1993-05-18,,,,,,,
1993-05-19,,,,,,,
1993-05-20,,,,,,,
1993-05-21,,,,,,,
1993-05-24,,,,,,,
1993-05-25,,,,,,,
1993-05-26,,,,,,,
1993-05-27,,,,,,,
1993-05-28,,,,,,,
1993-06-01,,,,,,,
1993-06-02,,,,,,,
1993-06-03,,,,,,,
1993-06-04,,,,,,,
1993-06-07,,,,,,,
1993-06-08,,,,,,,
1993-06-09,,,,,,,
1993-06-10,,,,,,,
1993-06-11,,,,,,,
1993-06-14,,,,,,,
1993-06-15,,,,,,,
1993-06-16,,,,,,,
1993-06-17,,,,,,,
1993-06-18,,,,,,,
1993-06-21,,,,,,,
1993-06-22,,,,,,,
1993-06-23,,,,,,,
1993-06-24,,,,,,,
1993-06-25,,,,,,,
1993-06-28,,,,,,,
1993-06-29,,,,,,,
1993-06-30,,,,,,,
1993-07-01,,,,,,,
1993-07-02,,,,,,,
1993-07-05,,,,,,,
1993-07-06,,,,,,,
1993-07-07,,,,,,,
1993-07-08,,,,,,,
1993-07-09,,,,,,,
1993-07-12,,,,,,,
1993-07-13,,,,,,,
1993-07-14,,,,,,,
1993-07-15,,,,,,,
1993-07-16,,,,,,,
1993-07-19,,,,,,,
1993-07-20,,,,,,,
1993-07-21,,,,,,,
1993-07-22,,,,,,,
1993-07-23,,,,,,,
1993-07-26,,,,,,,
1993-07-27,,,,,,,
1993-07-28,,,,,,,
1993-07-29,,,,,,,
1993-07-30,,,,,,,
1993-08-02,,,,,,,
1993-08-03,,,,,,,
1993-08-04,,,,,,,
1993-08-05,,,,,,,
1993-08-06,,,,,,,
1993-08-09,,,,,,,
1993-08-10,,,,,,,
1993-08-11,,,,,,,
1993-08-12,,,,,,,
1993-08-13,,,,,,,
1993-08-16,,,,,,,
1993-08-17,,,,,,,
1993-08-18,,,,,,,
1993-08-19,,,,,,,
1993-08-20,,,,,,,
1993-08-23,,,,,,,
1993-08-24,,,,,,,
1993-08-25,,,,,,,
1993-08-26,,,,,,,
1993-08-27,,,,,,,
1993-08-30,,,,,,,
1993-08-31,,,,,,,
1993-09-01,,,,,,,
1993-09-02,,,,,,,
1993-09-03,,,,,,,
1993-09-06,,,,,,,
1993-09-07,,,,,,,
1993-09-08,,,,,,,
1993-09-09,,,,,,,
1993-09-10,,,,,,,
1993-09-13,,,,,,,
1993-09-14,,,,,,,
1993-09-15,,,,,,,
1993-09-16,,,,,,,
1993-09-17,,,,,,,
1993-09-20,,,,,,,
1993-09-21,,,,,,,
1993-09-22,,,,,,,
1993-09-23,,,,,,,
1993-09-24,,,,,,,
1993-09-27,,,,,,,
1993-09-28,,,,,,,
1993-09-29,,,,,,,
1993-09-30,,,,,,,
1993-10-01,,,,,,,
1993-10-04,,,,,,,
1993-10-05,,,,,,,
1993-10-06,,,,,,,
1993-10-07,,,,,,,
1993-10-08,,,,,,,
1993-10-11,,,,,,,
1993-10-12,,,,,,,
1993-10-13,,,,,,,
1993-10-14,,,,,,,
1993-10-15,,,,,,,
1993-10-18,,,,,,,
1993-10-19,,,,,,,
1993-10-20,,,,,,,
1993-10-21,,,,,,,
1993-10-22,,,,,,,
1993-10-25,,,,,,,
1993-10-26,,,,,,,
1993-10-27,,,,,,,
1993-10-28,,,,,,,
1993-10-29,,,,,,,
1993-11-01,,,,,,,
1993-11-02,,,,,,,
1993-11-03,,,,,,,
1993-11-04,,,,,,,
1993-11-05,,,,,,,
1993-11-08,,,,,,,
1993-11-09,,,,,,,
1993-11-10,,,,,,,
1993-11-11,,,,,,,
1993-11-12,,,,,,,
1993-11-15,,,,,,,
1993-11-16,,,,,,,
1993-11-17,,,,,,,
1993-11-18,,,,,,,
1993-11-19,,,,,,,
1993-11-22,,,,,,,
1993-11-23,,,,,,,
1993-11-24,,,,,,,
1993-11-25,,,,,,,
1993-11-26,,,,,,,
1993-11-29,,,,,,,
1993-11-30,,,,,,,
1993-12-01,,,,,,,
1993-12-02,,,,,,,
1993-12-03,,,,,,,
1993-12-06,,,,,,,
1993-12-07,,,,,,,
1993-12-08,,,,,,,
1993-12-09,,,,,,,
1993-12-10,,,,,,,
1993-12-13,,,,,,,
1993-12-14,,,,,,,
1993-12-15,,,,,,,
1993-12-16,,,,,,,
1993-12-17,,,,,,,
1993-12-20,,,,,,,
1993-12-21,,,,,,,
1993-12-22,,,,,,,
1993-12-23,,,,,,,
1993-12-24,,,,,,,
1993-12-27,,,,,,,
1993-12-28,,,,,,,
1993-12-29,,,,,,,
1993-12-30,,,,,,,
1993-12-31,,,,,,,
1994-01-03,,,,,,,
1994-01-04,,,,,,,
1994-01-05,,,,,,,
1994-01-06,,,,,,,
1994-01-07,,,,,,,
1994-01-10,,,,,,,
1994-01-11,,,,,,,
1994-01-12,,,,,,,
1994-01-13,,,,,,,
1994-01-14,,,,,,,
1994-01-17,,,,,,,
1994-01-18,,,,,,,
1994-01-19,,,,,,,
1994-01-20,,,,,,,
1994-01-21,,,,,,,
1994-01-24,,,,,,,
1994-01-25,,,,,,,
1994-01-26,,,,,,,
1994-01-27,,,,,,,
1994-01-28,,,,,,,
1994-01-31,,,,,,,
1994-02-01,,,,,,,
1994-02-02,,,,,,,
1994-02-03,,,,,,,
1994-02-04,,,,,,,
1994-02-07,,,,,,,
1994-02-08,,,,,,,
1994-02-09,,,,,,,
1994-02-10,,,,,,,
1994-02-11,,,,,,,
1994-02-14,,,,,,,
1994-02-15,,,,,,,
1994-02-16,,,,,,,
1994-02-17,,,,,,,
1994-02-18,,,,,,,
1994-02-21,,,,,,,
1994-02-22,,,,,,,
1994-02-23,,,,,,,
1994-02-24,,,,,,,
1994-02-25,,,,,,,
1994-02-28,,,,,,,
1994-03-01,,,,,,,
1994-03-02,,,,,,,
1994-03-03,,,,,,,
1994-03-04,,,,,,,
1994-03-07,,,,,,,
1994-03-08,,,,,,,
1994-03-09,,,,,,,
1994-03-10,,,,,,,
1994-03-11,,,,,,,
1994-03-14,,,,,,,
1994-03-15,,,,,,,
1994-03-16,,,,,,,
1994-03-17,,,,,,,
1994-03-18,,,,,,,
1994-03-21,,,,,,,
1994-03-22,,,,,,,
1994-03-23,,,,,,,
1994-03-24,,,,,,,
1994-03-25,,,,,,,
1994-03-28,,,,,,,
1994-03-29,,,,,,,
1994-03-30,,,,,,,
1994-03-31,,,,,,,
1994-04-05,,,,,,,
1994-04-06,,,,,,,
1994-04-07,,,,,,,
1994-04-08,,,,,,,
1994-04-11,,,,,,,
1994-04-12,,,,,,,
1994-04-13,,,,,,,
1994-04-14,,,,,,,
1994-04-15,,,,,,,
1994-04-18,,,,,,,
1994-04-19,,,,,,,
1994-04-20,,,,,,,
1994-04-21,,,,,,,
1994-04-22,,,,,,,
1994-04-25,,,,,,,
1994-04-26,,,,,,,
1994-04-27,,,,,,,
1994-04-28,,,,,,,
1994-04-29,,,,,,,
1994-05-02,,,,,,,
1994-05-03,,,,,,,
1994-05-04,,,,,,,
1994-05-05,,,,,,,
1994-05-06,,,,,,,
1994-05-09,,,,,,,
1994-05-10,,,,,,,
1994-05-11,,,,,,,
1994-05-12,,,,,,,
1994-05-13,,,,,,,
1994-05-16,,,,,,,
1994-05-17,,,,,,,
1994-05-18,,,,,,,
1994-05-19,,,,,,,
1994-05-20,,,,,,,
1994-05-23,,,,,,,
1994-05-24,,,,,,,
1994-05-25,,,,,,,
1994-05-26,,,,,,,
1994-05-27,,,,,,,
1994-05-30,,,,,,,
1994-05-31,,,,,,,
1994-06-01,,,,,,,
1994-06-02,,,,,,,
1994-06-03,,,,,,,
1994-06-06,,,,,,,
1994-06-07,,,,,,,
1994-06-08,,,,,,,
1994-06-09,,,,,,,
1994-06-10,,,,,,,
1994-06-13,,,,,,,
1994-06-14,,,,,,,
1994-06-15,,,,,,,
1994-06-16,,,,,,,
1994-06-17,,,,,,,
1994-06-20,,,,,,,
1994-06-21,,,,,,,
1994-06-22,,,,,,,
1994-06-23,,,,,,,
1994-06-24,,,,,,,
1994-06-27,,,,,,,
1994-06-28,,,,,,,
1994-06-29,,,,,,,
1994-06-30,,,,,,,
1994-07-01,,,,,,,
1994-07-04,,,,,,,
1994-07-05,,,,,,,
1994-07-06,,,,,,,
1994-07-07,,,,,,,
1994-07-08,,,,,,,
1994-07-11,,,,,,,
1994-07-12,,,,,,,
1994-07-13,,,,,,,
1994-07-14,,,,,,,
1994-07-15,,,,,,,
1994-07-18,,,,,,,
1994-07-19,,,,,,,
1994-07-20,,,,,,,
1994-07-21,,,,,,,
1994-07-22,,,,,,,
1994-07-25,,,,,,,
1994-07-26,,,,,,,
1994-07-27,,,,,,,
1994-07-28,,,,,,,
1994-07-29,,,,,,,
1994-08-01,,,,,,,
1994-08-02,,,,,,,
1994-08-03,,,,,,,
1994-08-04,,,,,,,
1994-08-05,,,,,,,
1994-08-08,,,,,,,
1994-08-09,,,,,,,
1994-08-10,,,,,,,
1994-08-11,,,,,,,
1994-08-12,,,,,,,
1994-08-15,,,,,,,
1994-08-16,,,,,,,
1994-08-17,,,,,,,
1994-08-18,,,,,,,
1994-08-19,,,,,,,
1994-08-22,,,,,,,
1994-08-23,,,,,,,
1994-08-24,,,,,,,
1994-08-25,,,,,,,
1994-08-26,,,,,,,
1994-08-29,,,,,,,
1994-08-30,,,,,,,
1994-08-31,,,,,,,
1994-09-01,,,,,,,
1994-09-02,,,,,,,
1994-09-05,,,,,,,
1994-09-06,,,,,,,
1994-09-07,,,,,,,
1994-09-08,,,,,,,
1994-09-09,,,,,,,
1994-09-12,,,,,,,
1994-09-13,,,,,,,
1994-09-14,,,,,,,
1994-09-15,,,,,,,
1994-09-16,,,,,,,
1994-09-19,,,,,,,
1994-09-20,,,,,,,
1994-09-21,,,,,,,
1994-09-22,,,,,,,
1994-09-23,,,,,,,
1994-09-26,,,,,,,
1994-09-27,,,,,,,
1994-09-28,,,,,,,
1994-09-29,,,,,,,
1994-09-30,,,,,,,
1994-10-03,,,,,,,
1994-10-04,,,,,,,
1994-10-05,,,,,,,
1994-10-06,,,,,,,
1994-10-07,,,,,,,
1994-10-10,,,,,,,
1994-10-11,,,,,,,
1994-10-12,,,,,,,
1994-10-13,,,,,,,
1994-10-14,,,,,,,
1994-10-17,,,,,,,
1994-10-18,,,,,,,
1994-10-19,,,,,,,
1994-10-20,,,,,,,
1994-10-21,,,,,,,
1994-10-24,,,,,,,
1994-10-25,,,,,,,
1994-10-26,,,,,,,
1994-10-27,,,,,,,
1994-10-28,,,,,,,
1994-10-31,,,,,,,
1994-11-01,,,,,,,
1994-11-02,,,,,,,
1994-11-03,,,,,,,
1994-11-04,,,,,,,
1994-11-07,,,,,,,
1994-11-08,,,,,,,
1994-11-09,,,,,,,
1994-11-10,,,,,,,
1994-11-11,,,,,,,
1994-11-14,,,,,,,
1994-11-15,,,,,,,
1994-11-16,,,,,,,
1994-11-17,,,,,,,
1994-11-18,,,,,,,
1994-11-21,,,,,,,
1994-11-22,,,,,,,
1994-11-23,,,,,,,
1994-11-24,,,,,,,
1994-11-25,,,,,,,
1994-11-28,,,,,,,
1994-11-29,,,,,,,
1994-11-30,,,,,,,
1994-12-01,,,,,,,
1994-12-02,,,,,,,
1994-12-05,,,,,,,
1994-12-06,,,,,,,
1994-12-07,,,,,,,
1994-12-08,,,,,,,
1994-12-09,,,,,,,
1994-12-12,,,,,,,
1994-12-13,,,,,,,
1994-12-14,,,,,,,
1994-12-15,,,,,,,
1994-12-16,,,,,,,
1994-12-19,,,,,,,
1994-12-20,,,,,,,
1994-12-21,,,,,,,
1994-12-22,,,,,,,
1994-12-23,,,,,,,
1994-12-26,,,,,,,
1994-12-27,,,,,,,
1994-12-28,,,,,,,
1994-12-29,,,,,,,
1994-12-30,,,,,,,
1995-01-02,,,,,,,
1995-01-03,,,,,,,
1995-01-04,,,,,,,
1995-01-05,,,,,,,
1995-01-06,,,,,,,
1995-01-09,,,,,,,
1995-01-10,,,,,,,
1995-01-11,,,,,,,
1995-01-12,,,,,,,
1995-01-13,,,,,,,
1995-01-16,,,,,,,
1995-01-17,,,,,,,
1995-01-18,,,,,,,
1995-01-19,,,,,,,
1995-01-20,,,,,,,
1995-01-23,,,,,,,
1995-01-24,,,,,,,
1995-01-25,,,,,,,
1995-01-26,,,,,,,
1995-01-27,,,,,,,
1995-01-30,,,,,,,
1995-01-31,,,,,,,
1995-02-01,,,,,,,
1995-02-02,,,,,,,
1995-02-03,,,,,,,
1995-02-06,,,,,,,
1995-02-07,,,,,,,
1995-02-08,,,,,,,
1995-02-09,,,,,,,
1995-02-10,,,,,,,
1995-02-13,,,,,,,
1995-02-14,,,,,,,
1995-02-15,,,,,,,
1995-02-16,,,,,,,
1995-02-17,,,,,,,
1995-02-20,,,,,,,
1995-02-21,,,,,,,
1995-02-22,,,,,,,
1995-02-23,,,,,,,
1995-02-24,,,,,,,
1995-02-27,,,,,,,
1995-02-28,,,,,,,
1995-03-01,,,,,,,
1995-03-02,,,,,,,
1995-03-03,,,,,,,
1995-03-06,,,,,,,
1995-03-07,,,,,,,
1995-03-08,,,,,,,
1995-03-09,,,,,,,
1995-03-10,,,,,,,
1995-03-13,,,,,,,
1995-03-14,,,,,,,
1995-03-15,,,,,,,
1995-03-16,,,,,,,
1995-03-17,,,,,,,
1995-03-20,,,,,,,
1995-03-21,,,,,,,
1995-03-22,,,,,,,
1995-03-23,,,,,,,
1995-03-24,,,,,,,
1995-03-27,,,,,,,
1995-03-28,,,,,,,
1995-03-29,,,,,,,
1995-03-30,,,,,,,
1995-03-31,,,,,,,
1995-04-03,,,,,,,
1995-04-04,,,,,,,
1995-04-05,,,,,,,
1995-04-06,,,,,,,
1995-04-07,,,,,,,
1995-04-10,,,,,,,
1995-04-11,,,,,,,
1995-04-12,,,,,,,
1995-04-13,,,,,,,
1995-04-14,,,,,,,
1995-04-17,,,,,,,
1995-04-18,,,,,,,
1995-04-19,,,,,,,
1995-04-20,,,,,,,
1995-04-21,,,,,,,
1995-04-24,,,,,,,
1995-04-25,,,,,,,
1995-04-26,,,,,,,
1995-04-27,,,,,,,
1995-04-28,,,,,,,
1995-05-01,,,,,,,
1995-05-02,,,,,,,
1995-05-03,,,,,,,
1995-05-04,,,,,,,
1995-05-05,,,,,,,
1995-05-08,,,,,,,
1995-05-09,,,,,,,
1995-05-10,,,,,,,
1995-05-11,,,,,,,
1995-05-12,,,,,,,
1995-05-15,,,,,,,
1995-05-16,,,,,,,
1995-05-17,,,,,,,
1995-05-18,,,,,,,
1995-05-19,,,,,,,
1995-05-22,,,,,,,
1995-05-23,,,,,,,
1995-05-24,,,,,,,
1995-05-25,,,,,,,
1995-05-26,,,,,,,
1995-05-29,,,,,,,
1995-05-30,,,,,,,
1995-05-31,,,,,,,
1995-06-01,,,,,,,
1995-06-02,,,,,,,
1995-06-05,,,,,,,
1995-06-06,,,,,,,
1995-06-07,,,,,,,
1995-06-08,,,,,,,
1995-06-09,,,,,,,
1995-06-12,,,,,,,
1995-06-13,,,,,,,
1995-06-14,,,,,,,
1995-06-15,,,,,,,
1995-06-16,,,,,,,
1995-06-19,,,,,,,
1995-06-20,,,,,,,
1995-06-21,,,,,,,
1995-06-22,,,,,,,
1995-06-23,,,,,,,
1995-06-26,,,,,,,
1995-06-27,,,,,,,
1995-06-28,,,,,,,
1995-06-29,,,,,,,
1995-06-30,,,,,,,
1995-07-03,,,,,,,
1995-07-04,,,,,,,
1995-07-05,,,,,,,
1995-07-06,,,,,,,
1995-07-07,,,,,,,
1995-07-10,,,,,,,
1995-07-11,,,,,,,
1995-07-12,,,,,,,
1995-07-13,,,,,,,
1995-07-14,,,,,,,
1995-07-17,,,,,,,
1995-07-18,,,,,,,
1995-07-19,,,,,,,
1995-07-20,,,,,,,
1995-07-21,,,,,,,
1995-07-24,,,,,,,
1995-07-25,,,,,,,
1995-07-26,,,,,,,
1995-07-27,,,,,,,
1995-07-28,,,,,,,
1995-07-31,,,,,,,
1995-08-01,,,,,,,
1995-08-02,,,,,,,
1995-08-03,,,,,,,
1995-08-04,,,,,,,
1995-08-07,,,,,,,
1995-08-08,,,,,,,
1995-08-09,,,,,,,
1995-08-10,,,,,,,
1995-08-11,,,,,,,
1995-08-14,,,,,,,
1995-08-15,,,,,,,
1995-08-16,,,,,,,
1995-08-17,,,,,,,
1995-08-18,,,,,,,
1995-08-21,,,,,,,
1995-08-22,,,,,,,
1995-08-23,,,,,,,
1995-08-24,,,,,,,
1995-08-25,,,,,,,
1995-08-28,,,,,,,
1995-08-29,,,,,,,
1995-08-30,,,,,,,
1995-08-31,,,,,,,
1995-09-01,,,,,,,
1995-09-04,,,,,,,
1995-09-05,,,,,,,
1995-09-06,,,,,,,
1995-09-07,,,,,,,
1995-09-08,,,,,,,
1995-09-11,,,,,,,
1995-09-12,,,,,,,
1995-09-13,,,,,,,
1995-09-14,,,,,,,
1995-09-15,,,,,,,
1995-09-18,,,,,,,
1995-09-19,,,,,,,
1995-09-20,,,,,,,
1995-09-21,,,,,,,
1995-09-22,,,,,,,
1995-09-25,,,,,,,
1995-09-26,,,,,,,
1995-09-27,,,,,,,
1995-09-28,,,,,,,
1995-09-29,,,,,,,
1995-10-02,,,,,,,
1995-10-03,,,,,,,
1995-10-04,,,,,,,
1995-10-05,,,,,,,
1995-10-06,,,,,,,
1995-10-09,,,,,,,
1995-10-10,,,,,,,
1995-10-11,,,,,,,
1995-10-12,,,,,,,
1995-10-13,,,,,,,
1995-10-16,,,,,,,
1995-10-17,,,,,,,
1995-10-18,,,,,,,
1995-10-19,,,,,,,
1995-10-20,,,,,,,
1995-10-23,,,,,,,
1995-10-24,,,,,,,
1995-10-25,,,,,,,
1995-10-26,,,,,,,
1995-10-27,,,,,,,
1995-10-30,,,,,,,
1995-10-31,,,,,,,
1995-11-01,,,,,,,
1995-11-02,,,,,,,
1995-11-03,,,,,,,
1995-11-06,,,,,,,
1995-11-07,,,,,,,
1995-11-08,,,,,,,
1995-11-09,,,,,,,
1995-11-10,,,,,,,
1995-11-13,,,,,,,
1995-11-14,,,,,,,
1995-11-15,,,,,,,
1995-11-16,,,,,,,
1995-11-17,,,,,,,
1995-11-20,,,,,,,
1995-11-21,,,,,,,
1995-11-22,,,,,,,
1995-11-23,,,,,,,
1995-11-24,,,,,,,
1995-11-27,,,,,,,
1995-11-28,,,,,,,
1995-11-29,,,,,,,
1995-11-30,,,,,,,
1995-12-01,,,,,,,
1995-12-04,,,,,,,
1995-12-05,,,,,,,
1995-12-06,,,,,,,
1995-12-07,,,,,,,
1995-12-08,,,,,,,
1995-12-11,,,,,,,
1995-12-12,,,,,,,
1995-12-13,,,,,,,
1995-12-14,,,,,,,
1995-12-15,,,,,,,
1995-12-18,,,,,,,
1995-12-19,,,,,,,
1995-12-20,,,,,,,
1995-12-21,,,,,,,
1995-12-22,,,,,,,
1995-12-25,,,,,,,
1995-12-26,,,,,,,
1995-12-27,,,,,,,
1995-12-28,,,,,,,
1995-12-29,,,,,,,
1996-01-01,,,,,,,
1996-01-02,,,,,,,
1996-01-03,,,,,,,
1996-01-04,,,,,,,
1996-01-05,,,,,,,
1996-01-08,,,,,,,
1996-01-09,,,,,,,
1996-01-10,,,,,,,
1996-01-11,,,,,,,
1996-01-12,,,,,,,
1996-01-15,,,,,,,
1996-01-16,,,,,,,
1996-01-17,,,,,,,
1996-01-18,,,,,,,
1996-01-19,,,,,,,
1996-01-22,,,,,,,
1996-01-23,,,,,,,
1996-01-24,,,,,,,
1996-01-25,,,,,,,
1996-01-26,,,,,,,
1996-01-29,,,,,,,
1996-01-30,,,,,,,
1996-01-31,,,,,,,
1996-02-01,,,,,,,
1996-02-02,,,,,,,
1996-02-05,,,,,,,
1996-02-06,,,,,,,
1996-02-07,,,,,,,
1996-02-08,,,,,,,
1996-02-09,,,,,,,
1996-02-12,,,,,,,
1996-02-13,,,,,,,
1996-02-14,,,,,,,
1996-02-15,,,,,,,
1996-02-16,,,,,,,
1996-02-19,,,,,,,
1996-02-20,,,,,,,
1996-02-21,,,,,,,
1996-02-22,,,,,,,
1996-02-23,,,,,,,
1996-02-26,,,,,,,
1996-02-27,,,,,,,
1996-02-28,,,,,,,
1996-02-29,,,,,,,
1996-03-01,,,,,,,
1996-03-04,,,,,,,
1996-03-05,,,,,,,
1996-03-06,,,,,,,
1996-03-07,,,,,,,
1996-03-08,,,,,,,
1996-03-11,,,,,,,
1996-03-12,,,,,,,
1996-03-13,,,,,,,
1996-03-14,,,,,,,
1996-03-15,,,,,,,
1996-03-18,,,,,,,
1996-03-19,,,,,,,
1996-03-20,,,,,,,
1996-03-21,,,,,,,
1996-03-22,,,,,,,
1996-03-25,,,,,,,
1996-03-26,,,,,,,
1996-03-27,,,,,,,
1996-03-28,,,,,,,
1996-03-29,,,,,,,
1996-04-01,,,,,,,
1996-04-02,,,,,,,
1996-04-03,,,,,,,
1996-04-04,,,,,,,
1996-04-05,,,,,,,
1996-04-08,,,,,,,
1996-04-09,,,,,,,
1996-04-10,,,,,,,
1996-04-11,,,,,,,
1996-04-12,,,,,,,
1996-04-15,,,,,,,
1996-04-16,,,,,,,
1996-04-17,,,,,,,
1996-04-18,,,,,,,
1996-04-19,,,,,,,
1996-04-22,,,,,,,
1996-04-23,,,,,,,
1996-04-24,,,,,,,
1996-04-25,,,,,,,
1996-04-26,,,,,,,
1996-04-29,,,,,,,
1996-04-30,,,,,,,
1996-05-01,,,,,,,
1996-05-02,,,,,,,
1996-05-03,,,,,,,
1996-05-06,,,,,,,
1996-05-07,,,,,,,
1996-05-08,,,,,,,
1996-05-09,,,,,,,
1996-05-10,,,,,,,
1996-05-13,,,,,,,
1996-05-14,,,,,,,
1996-05-15,,,,,,,
1996-05-16,,,,,,,
1996-05-17,,,,,,,
1996-05-20,,,,,,,
1996-05-21,,,,,,,
1996-05-22,,,,,,,
1996-05-23,,,,,,,
1996-05-24,,,,,,,
1996-05-27,,,,,,,
1996-05-28,,,,,,,
1996-05-29,,,,,,,
1996-05-30,,,,,,,
1996-05-31,,,,,,,
1996-06-03,,,,,,,
1996-06-04,,,,,,,
1996-06-05,,,,,,,
1996-06-06,,,,,,,
1996-06-07,,,,,,,
1996-06-10,,,,,,,
1996-06-11,,,,,,,
1996-06-12,,,,,,,
1996-06-13,,,,,,,
1996-06-14,,,,,,,
1996-06-17,,,,,,,
1996-06-18,,,,,,,
1996-06-19,,,,,,,
1996-06-20,,,,,,,
1996-06-21,,,,,,,
1996-06-24,,,,,,,
1996-06-25,,,,,,,
1996-06-26,,,,,,,
1996-06-27,,,,,,,
1996-06-28,,,,,,,
1996-07-01,,,,,,,
1996-07-02,,,,,,,
1996-07-03,,,,,,,
1996-07-04,,,,,,,
1996-07-05,,,,,,,
1996-07-08,,,,,,,
1996-07-09,,,,,,,
1996-07-10,,,,,,,
1996-07-11,,,,,,,
1996-07-12,,,,,,,
1996-07-15,,,,,,,
1996-07-16,,,,,,,
1996-07-17,,,,,,,
1996-07-18,,,,,,,
1996-07-19,,,,,,,
1996-07-22,,,,,,,
1996-07-23,,,,,,,
1996-07-24,,,,,,,
1996-07-25,,,,,,,
1996-07-26,,,,,,,
1996-07-29,,,,,,,
1996-07-30,,,,,,,
1996-07-31,,,,,,,
1996-08-01,,,,,,,
1996-08-02,,,,,,,
1996-08-05,,,,,,,
1996-08-06,,,,,,,
1996-08-07,,,,,,,
1996-08-08,,,,,,,
1996-08-09,,,,,,,
1996-08-12,,,,,,,
1996-08-13,,,,,,,
1996-08-14,,,,,,,
1996-08-15,,,,,,,
1996-08-16,,,,,,,
1996-08-19,,,,,,,
1996-08-20,,,,,,,
1996-08-21,,,,,,,
1996-08-22,,,,,,,
1996-08-23,,,,,,,
1996-08-26,,,,,,,
1996-08-27,,,,,,,
1996-08-28,,,,,,,
1996-08-29,,,,,,,
1996-08-30,,,,,,,
1996-09-02,,,,,,,
1996-09-03,,,,,,,
1996-09-04,,,,,,,
1996-09-05,,,,,,,
1996-09-06,,,,,,,
1996-09-09,,,,,,,
1996-09-10,,,,,,,
1996-09-11,,,,,,,
1996-09-12,,,,,,,
1996-09-13,,,,,,,
1996-09-16,,,,,,,
1996-09-17,,,,,,,
1996-09-18,,,,,,,
1996-09-19,,,,,,,
1996-09-20,,,,,,,
1996-09-23,,,,,,,
1996-09-24,,,,,,,
1996-09-25,,,,,,,
1996-09-26,,,,,,,
1996-09-27,,,,,,,
1996-09-30,,,,,,,
1996-10-01,,,,,,,
1996-10-02,,,,,,,
1996-10-03,,,,,,,
1996-10-04,,,,,,,
1996-10-07,,,,,,,
1996-10-08,,,,,,,
1996-10-09,,,,,,,
1996-10-10,,,,,,,
1996-10-11,,,,,,,
1996-10-14,,,,,,,
1996-10-15,,,,,,,
1996-10-16,,,,,,,
1996-10-17,,,,,,,
1996-10-18,,,,,,,
1996-10-21,,,,,,,
1996-10-22,,,,,,,
1996-10-23,,,,,,,
1996-10-24,,,,,,,
1996-10-25,,,,,,,
1996-10-28,,,,,,,
1996-10-29,,,,,,,
1996-10-30,,,,,,,
1996-10-31,,,,,,,
1996-11-01,,,,,,,
1996-11-04,,,,,,,
1996-11-05,,,,,,,
1996-11-06,,,,,,,
1996-11-07,,,,,,,
1996-11-08,,,,,,,
1996-11-11,,,,,,,
1996-11-12,,,,,,,
1996-11-13,,,,,,,
1996-11-14,,,,,,,
1996-11-15,,,,,,,
1996-11-18,,,,,,,
1996-11-19,,,,,,,
1996-11-20,,,,,,,
1996-11-21,,,,,,,
1996-11-22,,,,,,,
1996-11-25,,,,,,,
1996-11-26,,,,,,,
1996-11-27,,,,,,,
1996-11-28,,,,,,,
1996-11-29,,,,,,,
1996-12-02,,,,,,,
1996-12-03,,,,,,,
1996-12-04,,,,,,,
1996-12-05,,,,,,,
1996-12-06,,,,,,,
1996-12-09,,,,,,,
1996-12-10,,,,,,,
1996-12-11,,,,,,,
1996-12-12,,,,,,,
1996-12-13,,,,,,,
1996-12-16,,,,,,,
1996-12-17,,,,,,,
1996-12-18,,,,,,,
1996-12-19,,,,,,,
1996-12-20,,,,,,,
1996-12-23,,,,,,,
1996-12-24,,,,,,,
1996-12-25,,,,,,,
1996-12-26,,,,,,,
1996-12-27,,,,,,,
1996-12-30,,,,,,,
1996-12-31,,,,,,,
1997-01-01,,,,,,,
1997-01-02,,,,,,,
1997-01-03,,,,,,,
1997-01-06,,,,,,,
1997-01-07,,,,,,,
1997-01-08,,,,,,,
1997-01-09,,,,,,,
1997-01-10,,,,,,,
1997-01-13,,,,,,,
1997-01-14,,,,,,,
1997-01-15,,,,,,,
1997-01-16,,,,,,,
1997-01-17,,,,,,,
1997-01-20,,,,,,,
1997-01-21,,,,,,,
1997-01-22,,,,,,,
1997-01-23,,,,,,,
1997-01-24,,,,,,,
1997-01-27,,,,,,,
1997-01-28,,,,,,,
1997-01-29,,,,,,,
1997-01-30,,,,,,,
1997-01-31,,,,,,,
1997-02-03,,,,,,,
1997-02-04,,,,,,,
1997-02-05,,,,,,,
1997-02-06,,,,,,,
1997-02-07,,,,,,,
1997-02-10,,,,,,,
1997-02-11,,,,,,,
1997-02-12,,,,,,,
1997-02-13,,,,,,,
1997-02-14,,,,,,,
1997-02-17,,,,,,,
1997-02-18,,,,,,,
1997-02-19,,,,,,,
1997-02-20,,,,,,,
1997-02-21,,,,,,,
1997-02-24,,,,,,,
1997-02-25,,,,,,,
1997-02-26,,,,,,,
1997-02-27,,,,,,,
1997-02-28,,,,,,,
1997-03-03,,,,,,,
1997-03-04,,,,,,,
1997-03-05,,,,,,,
1997-03-06,,,,,,,
1997-03-07,,,,,,,
1997-03-10,,,,,,,
1997-03-11,,,,,,,
1997-03-12,,,,,,,
1997-03-13,,,,,,,
1997-03-14,,,,,,,
1997-03-17,,,,,,,
1997-03-18,,,,,,,
1997-03-19,,,,,,,
1997-03-20,,,,,,,
1997-03-21,,,,,,,
1997-03-24,,,,,,,
1997-03-25,,,,,,,
1997-03-26,,,,,,,
1997-03-27,,,,,,,
1997-03-28,,,,,,,
1997-03-31,,,,,,,
1997-04-01,,,,,,,
1997-04-02,,,,,,,
1997-04-03,,,,,,,
1997-04-04,,,,,,,
1997-04-07,,,,,,,
1997-04-08,,,,,,,
1997-04-09,,,,,,,
1997-04-10,,,,,,,
1997-04-11,,,,,,,
1997-04-14,,,,,,,
1997-04-15,,,,,,,
1997-04-16,,,,,,,
1997-04-17,,,,,,,
1997-04-18,,,,,,,
1997-04-21,,,,,,,
1997-04-22,,,,,,,
1997-04-23,,,,,,,
1997-04-24,,,,,,,
1997-04-25,,,,,,,
1997-04-28,,,,,,,
1997-04-29,,,,,,,
1997-04-30,,,,,,,
1997-05-01,,,,,,,
1997-05-02,,,,,,,
1997-05-05,,,,,,,
1997-05-06,,,,,,,
1997-05-07,,,,,,,
1997-05-08,,,,,,,
1997-05-09,,,,,,,
1997-05-12,,,,,,,
1997-05-13,,,,,,,
1997-05-14,,,,,,,
1997-05-15,,,,,,,
1997-05-16,,,,,,,
1997-05-19,,,,,,,
1997-05-20,,,,,,,
1997-05-21,,,,,,,
1997-05-22,,,,,,,
1997-05-23,,,,,,,
1997-05-26,,,,,,,
1997-05-27,,,,,,,
1997-05-28,,,,,,,
1997-05-29,,,,,,,
1997-05-30,,,,,,,
1997-06-02,,,,,,,
1997-06-03,,,,,,,
1997-06-04,,,,,,,
1997-06-05,,,,,,,
1997-06-06,,,,,,,
1997-06-09,,,,,,,
1997-06-10,,,,,,,
1997-06-11,,,,,,,
1997-06-12,,,,,,,
1997-06-13,,,,,,,
1997-06-16,,,,,,,
1997-06-17,,,,,,,
1997-06-18,,,,,,,
1997-06-19,,,,,,,
1997-06-20,,,,,,,
1997-06-23,,,,,,,
1997-06-24,,,,,,,
1997-06-25,,,,,,,
1997-06-26,,,,,,,
1997-06-27,,,,,,,
1997-06-30,,,,,,,
1997-07-01,,,,,,,
1997-07-02,,,,,,,
1997-07-03,,,,,,,
1997-07-04,,,,,,,
1997-07-07,,,,,,,
1997-07-08,,,,,,,
1997-07-09,,,,,,,
1997-07-10,,,,,,,
1997-07-11,,,,,,,
1997-07-14,,,,,,,
1997-07-15,,,,,,,
1997-07-16,,,,,,,
1997-07-17,,,,,,,
1997-07-18,,,,,,,
1997-07-21,,,,,,,
1997-07-22,,,,,,,
1997-07-23,,,,,,,
1997-07-24,,,,,,,
1997-07-25,,,,,,,
1997-07-28,,,,,,,
1997-07-29,,,,,,,
1997-07-30,,,,,,,
1997-07-31,,,,,,,
1997-08-01,,,,,,,
1997-08-04,,,,,,,
1997-08-05,,,,,,,
1997-08-06,,,,,,,
1997-08-07,,,,,,,
1997-08-08,,,,,,,
1997-08-11,,,,,,,
1997-08-12,,,,,,,
1997-08-13,,,,,,,
1997-08-14,,,,,,,
1997-08-15,,,,,,,
1997-08-18,,,,,,,
1997-08-19,,,,,,,
1997-08-20,,,,,,,
1997-08-21,,,,,,,
1997-08-22,,,,,,,
1997-08-25,,,,,,,
1997-08-26,,,,,,,
1997-08-27,,,,,,,
1997-08-28,,,,,,,
1997-08-29,,,,,,,
1997-09-01,,,,,,,
1997-09-02,,,,,,,
1997-09-03,,,,,,,
1997-09-04,,,,,,,
1997-09-05,,,,,,,
1997-09-08,,,,,,,
1997-09-09,,,,,,,
1997-09-10,,,,,,,
1997-09-11,,,,,,,
1997-09-12,,,,,,,
1997-09-15,,,,,,,
1997-09-16,,,,,,,
1997-09-17,,,,,,,
1997-09-18,,,,,,,
1997-09-19,,,,,,,
1997-09-22,,,,,,,
1997-09-23,,,,,,,
1997-09-24,,,,,,,
1997-09-25,,,,,,,
1997-09-26,,,,,,,
1997-09-29,,,,,,,
1997-09-30,,,,,,,
1997-10-01,,,,,,,
1997-10-02,,,,,,,
1997-10-03,,,,,,,
1997-10-06,,,,,,,
1997-10-07,,,,,,,
1997-10-08,,,,,,,
1997-10-09,,,,,,,
1997-10-10,,,,,,,
1997-10-13,,,,,,,
1997-10-14,,,,,,,
1997-10-15,,,,,,,
1997-10-16,,,,,,,
1997-10-17,,,,,,,
1997-10-20,,,,,,,
1997-10-21,,,,,,,
1997-10-22,,,,,,,
1997-10-23,,,,,,,
1997-10-24,,,,,,,
1997-10-27,,,,,,,
1997-10-28,,,,,,,
1997-10-29,,,,,,,
1997-10-30,,,,,,,
1997-10-31,,,,,,,
1997-11-03,,,,,,,
1997-11-04,,,,,,,
1997-11-05,,,,,,,
1997-11-06,,,,,,,
1997-11-07,,,,,,,
1997-11-10,,,,,,,
1997-11-11,,,,,,,
1997-11-12,,,,,,,
1997-11-13,,,,,,,
1997-11-14,,,,,,,
1997-11-17,,,,,,,
1997-11-18,,,,,,,
1997-11-19,,,,,,,
1997-11-20,,,,,,,
1997-11-21,,,,,,,
1997-11-24,,,,,,,
1997-11-25,,,,,,,
1997-11-26,,,,,,,
1997-11-27,,,,,,,
1997-11-28,,,,,,,
1997-12-01,,,,,,,
1997-12-02,,,,,,,
1997-12-03,,,,,,,
1997-12-04,,,,,,,
1997-12-05,,,,,,,
1997-12-08,,,,,,,
1997-12-09,,,,,,,
1997-12-10,,,,,,,
1997-12-11,,,,,,,
1997-12-12,,,,,,,
1997-12-15,,,,,,,
1997-12-16,,,,,,,
1997-12-17,,,,,,,
1997-12-18,,,,,,,
1997-12-19,,,,,,,
1997-12-22,,,,,,,
1997-12-23,,,,,,,
1997-12-24,,,,,,,
1997-12-25,,,,,,,
1997-12-26,,,,,,,
1997-12-29,,,,,,,
1997-12-30,,,,,,,
1997-12-31,,,,,,,
1998-01-01,,,,,,,
1998-01-02,,,,,,,
1998-01-05,,,,,,,
1998-01-06,,,,,,,
1998-01-07,,,,,,,
1998-01-08,,,,,,,
1998-01-09,,,,,,,
1998-01-12,,,,,,,
1998-01-13,,,,,,,
1998-01-14,,,,,,,
1998-01-15,,,,,,,
1998-01-16,,,,,,,
1998-01-19,,,,,,,
1998-01-20,,,,,,,
1998-01-21,,,,,,,
1998-01-22,,,,,,,
1998-01-23,,,,,,,
1998-01-26,,,,,,,
1998-01-27,,,,,,,
1998-01-28,,,,,,,
1998-01-29,,,,,,,
1998-01-30,,,,,,,
1998-02-02,,,,,,,
1998-02-03,,,,,,,
1998-02-04,,,,,,,
1998-02-05,,,,,,,
1998-02-06,,,,,,,
1998-02-09,,,,,,,
1998-02-10,,,,,,,
1998-02-11,,,,,,,
1998-02-12,,,,,,,
1998-02-13,,,,,,,
1998-02-16,,,,,,,
1998-02-17,,,,,,,
1998-02-18,,,,,,,
1998-02-19,,,,,,,
1998-02-20,,,,,,,
1998-02-23,,,,,,,
1998-02-24,,,,,,,
1998-02-25,,,,,,,
1998-02-26,,,,,,,
1998-02-27,,,,,,,
1998-03-02,,,,,,,
1998-03-03,,,,,,,
1998-03-04,,,,,,,
1998-03-05,,,,,,,
1998-03-06,,,,,,,
1998-03-09,,,,,,,
1998-03-10,,,,,,,
1998-03-11,,,,,,,
1998-03-12,,,,,,,
1998-03-13,,,,,,,
1998-03-16,,,,,,,
1998-03-17,,,,,,,
1998-03-18,,,,,,,
1998-03-19,,,,,,,
1998-03-20,,,,,,,
1998-03-23,,,,,,,
1998-03-24,,,,,,,
1998-03-25,,,,,,,
1998-03-26,,,,,,,
1998-03-27,,,,,,,
1998-03-30,,,,,,,
1998-03-31,,,,,,,
1998-04-01,,,,,,,
1998-04-02,,,,,,,
1998-04-03,,,,,,,
1998-04-06,,,,,,,
1998-04-07,,,,,,,
1998-04-08,,,,,,,
1998-04-09,,,,,,,
1998-04-10,,,,,,,
1998-04-13,,,,,,,
1998-04-14,,,,,,,
1998-04-15,,,,,,,
1998-04-16,,,,,,,
1998-04-17,,,,,,,
1998-04-20,,,,,,,
1998-04-21,,,,,,,
1998-04-22,,,,,,,
1998-04-23,,,,,,,
1998-04-24,,,,,,,
1998-04-27,,,,,,,
1998-04-28,,,,,,,
1998-04-29,,,,,,,
1998-04-30,,,,,,,
1998-05-01,,,,,,,
1998-05-04,,,,,,,
1998-05-05,,,,,,,
1998-05-06,,,,,,,
1998-05-07,,,,,,,
1998-05-08,,,,,,,
1998-05-11,,,,,,,
1998-05-12,,,,,,,
1998-05-13,,,,,,,
1998-05-14,,,,,,,
1998-05-15,,,,,,,
1998-05-18,,,,,,,
1998-05-19,,,,,,,
1998-05-20,,,,,,,
1998-05-21,,,,,,,
1998-05-22,,,,,,,
1998-05-25,,,,,,,
1998-05-26,,,,,,,
1998-05-27,,,,,,,
1998-05-28,,,,,,,
1998-05-29,,,,,,,
1998-06-01,,,,,,,
1998-06-02,,,,,,,
1998-06-03,,,,,,,
1998-06-04,,,,,,,
1998-06-05,,,,,,,
1998-06-08,,,,,,,
1998-06-09,,,,,,,
1998-06-10,,,,,,,
1998-06-11,,,,,,,
1998-06-12,,,,,,,
1998-06-15,,,,,,,
1998-06-16,,,,,,,
1998-06-17,,,,,,,
1998-06-18,,,,,,,
1998-06-19,,,,,,,
1998-06-22,,,,,,,
1998-06-23,,,,,,,
1998-06-24,,,,,,,
1998-06-25,,,,,,,
1998-06-26,,,,,,,
1998-06-29,,,,,,,
1998-06-30,,,,,,,
1998-07-01,,,,,,,
1998-07-02,,,,,,,
1998-07-03,,,,,,,
1998-07-06,,,,,,,
1998-07-07,,,,,,,
1998-07-08,,,,,,,
1998-07-09,,,,,,,
1998-07-10,,,,,,,
1998-07-13,,,,,,,
1998-07-14,,,,,,,
1998-07-15,,,,,,,
1998-07-16,,,,,,,
1998-07-17,,,,,,,
1998-07-20,,,,,,,
1998-07-21,,,,,,,
1998-07-22,,,,,,,
1998-07-23,,,,,,,
1998-07-24,,,,,,,
1998-07-27,,,,,,,
1998-07-28,,,,,,,
1998-07-29,,,,,,,
1998-07-30,,,,,,,
1998-07-31,,,,,,,
1998-08-03,,,,,,,
1998-08-04,,,,,,,
1998-08-05,,,,,,,
1998-08-06,,,,,,,
1998-08-07,,,,,,,
1998-08-10,,,,,,,
1998-08-11,,,,,,,
1998-08-12,,,,,,,
1998-08-13,,,,,,,
1998-08-14,,,,,,,
1998-08-17,,,,,,,
1998-08-18,,,,,,,
1998-08-19,,,,,,,
1998-08-20,,,,,,,
1998-08-21,,,,,,,
1998-08-24,,,,,,,
1998-08-25,,,,,,,
1998-08-26,,,,,,,
1998-08-27,,,,,,,
1998-08-28,,,,,,,
1998-08-31,,,,,,,
1998-09-01,,,,,,,
1998-09-02,,,,,,,
1998-09-03,,,,,,,
1998-09-04,,,,,,,
1998-09-07,,,,,,,
1998-09-08,,,,,,,
1998-09-09,,,,,,,
1998-09-10,,,,,,,
1998-09-11,,,,,,,
1998-09-14,,,,,,,
1998-09-15,,,,,,,
1998-09-16,,,,,,,
1998-09-17,,,,,,,
1998-09-18,,,,,,,
1998-09-21,,,,,,,
1998-09-22,,,,,,,
1998-09-23,,,,,,,
1998-09-24,,,,,,,
1998-09-25,,,,,,,
1998-09-28,,,,,,,
1998-09-29,,,,,,,
1998-09-30,,,,,,,
1998-10-01,,,,,,,
1998-10-02,,,,,,,
1998-10-05,,,,,,,
1998-10-06,,,,,,,
1998-10-07,,,,,,,
1998-10-08,,,,,,,
1998-10-09,,,,,,,
1998-10-12,,,,,,,
1998-10-13,,,,,,,
1998-10-14,,,,,,,
1998-10-15,,,,,,,
1998-10-16,,,,,,,
1998-10-19,,,,,,,
1998-10-20,,,,,,,
1998-10-21,,,,,,,
1998-10-22,,,,,,,
1998-10-23,,,,,,,
1998-10-26,,,,,,,
1998-10-27,,,,,,,
1998-10-28,,,,,,,
1998-10-29,,,,,,,
1998-10-30,,,,,,,
1998-11-02,,,,,,,
1998-11-03,,,,,,,
1998-11-04,,,,,,,
1998-11-05,,,,,,,
1998-11-06,,,,,,,
1998-11-09,,,,,,,
1998-11-10,,,,,,,
1998-11-11,,,,,,,
1998-11-12,,,,,,,
1998-11-13,,,,,,,
1998-11-16,,,,,,,
1998-11-17,,,,,,,
1998-11-18,,,,,,,
1998-11-19,,,,,,,
1998-11-20,,,,,,,
1998-11-23,,,,,,,
1998-11-24,,,,,,,
1998-11-25,,,,,,,
1998-11-26,,,,,,,
1998-11-27,,,,,,,
1998-11-30,,,,,,,
1998-12-01,,,,,,,
1998-12-02,,,,,,,
1998-12-03,,,,,,,
1998-12-04,,,,,,,
1998-12-07,,,,,,,
1998-12-08,,,,,,,
1998-12-09,,,,,,,
1998-12-10,,,,,,,
1998-12-11,,,,,,,
1998-12-14,,,,,,,
1998-12-15,,,,,,,
1998-12-16,,,,,,,
1998-12-17,,,,,,,
1998-12-18,,,,,,,
1998-12-21,,,,,,,
1998-12-22,,,,,,,
1998-12-23,,,,,,,
1998-12-24,,,,,,,
1998-12-25,,,,,,,
1998-12-28,,,,,,,
1998-12-29,,,,,,,
1998-12-30,,,,,,,
1998-12-31,,,,,,,
1999-01-01,,,,,,,
1999-01-04,,,,,,,
1999-01-05,,,,,,,
1999-01-06,,,,,,,
1999-01-07,,,,,,,
1999-01-08,,,,,,,
1999-01-11,,,,,,,
1999-01-12,,,,,,,
1999-01-13,,,,,,,
1999-01-14,,,,,,,
1999-01-15,,,,,,,
1999-01-18,,,,,,,
1999-01-19,,,,,,,
1999-01-20,,,,,,,
1999-01-21,,,,,,,
1999-01-22,,,,,,,
1999-01-25,,,,,,,
1999-01-26,,,,,,,
1999-01-27,,,,,,,
1999-01-28,,,,,,,
1999-01-29,,,,,,,
1999-02-01,,,,,,,
1999-02-02,,,,,,,
1999-02-03,,,,,,,
1999-02-04,,,,,,,
1999-02-05,,,,,,,
1999-02-08,,,,,,,
1999-02-09,,,,,,,
1999-02-10,,,,,,,
1999-02-11,,,,,,,
1999-02-12,,,,,,,
1999-02-15,,,,,,,
1999-02-16,,,,,,,
1999-02-17,,,,,,,
1999-02-18,,,,,,,
1999-02-19,,,,,,,
1999-02-22,,,,,,,
1999-02-23,,,,,,,
1999-02-24,,,,,,,
1999-02-25,,,,,,,
1999-02-26,,,,,,,
1999-03-01,,,,,,,
1999-03-02,,,,,,,
1999-03-03,,,,,,,
1999-03-04,,,,,,,
1999-03-05,,,,,,,
1999-03-08,,,,,,,
1999-03-09,,,,,,,
1999-03-10,,,,,,,
1999-03-11,,,,,,,
1999-03-12,,,,,,,
1999-03-15,,,,,,,
1999-03-16,,,,,,,
1999-03-17,,,,,,,
1999-03-18,,,,,,,
1999-03-19,,,,,,,
1999-03-22,,,,,,,
1999-03-23,,,,,,,
1999-03-24,,,,,,,
1999-03-25,,,,,,,
1999-03-26,,,,,,,
1999-03-29,,,,,,,
1999-03-30,,,,,,,
1999-03-31,,,,,,,
1999-04-01,,,,,,,
1999-04-02,,,,,,,
1999-04-05,,,,,,,
1999-04-06,,,,,,,
1999-04-07,,,,,,,
1999-04-08,,,,,,,
1999-04-09,,,,,,,
1999-04-12,,,,,,,
1999-04-13,,,,,,,
1999-04-14,,,,,,,
1999-04-15,,,,,,,
1999-04-16,,,,,,,
1999-04-19,,,,,,,
1999-04-20,,,,,,,
1999-04-21,,,,,,,
1999-04-22,,,,,,,
1999-04-23,,,,,,,
1999-04-26,,,,,,,
1999-04-27,,,,,,,
1999-04-28,,,,,,,
1999-04-29,,,,,,,
1999-04-30,,,,,,,
1999-05-03,,,,,,,
1999-05-04,,,,,,,
1999-05-05,,,,,,,
1999-05-06,,,,,,,
1999-05-07,,,,,,,
1999-05-10,,,,,,,
1999-05-11,,,,,,,
1999-05-12,,,,,,,
1999-05-13,,,,,,,
1999-05-14,,,,,,,
1999-05-17,,,,,,,
1999-05-18,,,,,,,
1999-05-19,,,,,,,
1999-05-20,,,,,,,
1999-05-21,,,,,,,
1999-05-24,,,,,,,
1999-05-25,,,,,,,
1999-05-26,,,,,,,
1999-05-27,,,,,,,
1999-05-28,,,,,,,
1999-05-31,,,,,,,
1999-06-01,,,,,,,
1999-06-02,,,,,,,
1999-06-03,,,,,,,
1999-06-04,,,,,,,
1999-06-07,,,,,,,
1999-06-08,,,,,,,
1999-06-09,,,,,,,
1999-06-10,,,,,,,
1999-06-11,,,,,,,
1999-06-14,,,,,,,
1999-06-15,,,,,,,
1999-06-16,,,,,,,
1999-06-17,,,,,,,
1999-06-18,,,,,,,
1999-06-21,,,,,,,
1999-06-22,,,,,,,
1999-06-23,,,,,,,
1999-06-24,,,,,,,
1999-06-25,,,,,,,
1999-06-28,,,,,,,
1999-06-29,,,,,,,
1999-06-30,,,,,,,
1999-07-01,,,,,,,
1999-07-02,,,,,,,
1999-07-05,,,,,,,
1999-07-06,,,,,,,
1999-07-07,,,,,,,
1999-07-08,,,,,,,
1999-07-09,,,,,,,
1999-07-12,,,,,,,
1999-07-13,,,,,,,
1999-07-14,,,,,,,
1999-07-15,,,,,,,
1999-07-16,,,,,,,
1999-07-19,,,,,,,
1999-07-20,,,,,,,
1999-07-21,,,,,,,
1999-07-22,,,,,,,
1999-07-23,,,,,,,
1999-07-26,,,,,,,
1999-07-27,,,,,,,
1999-07-28,,,,,,,
1999-07-29,,,,,,,
1999-07-30,,,,,,,
1999-08-02,,,,,,,
1999-08-03,,,,,,,
1999-08-04,,,,,,,
1999-08-05,,,,,,,
1999-08-06,,,,,,,
1999-08-09,,,,,,,
1999-08-10,,,,,,,
1999-08-11,,,,,,,
1999-08-12,,,,,,,
1999-08-13,,,,,,,
1999-08-16,,,,,,,
1999-08-17,,,,,,,
1999-08-18,,,,,,,
1999-08-19,,,,,,,
1999-08-20,,,,,,,
1999-08-23,,,,,,,
1999-08-24,,,,,,,
1999-08-25,,,,,,,
1999-08-26,,,,,,,
1999-08-27,,,,,,,
1999-08-30,,,,,,,
1999-08-31,,,,,,,
1999-09-01,,,,,,,
1999-09-02,,,,,,,
1999-09-03,,,,,,,
1999-09-06,,,,,,,
1999-09-07,,,,,,,
1999-09-08,,,,,,,
1999-09-09,,,,,,,
1999-09-10,,,,,,,
1999-09-13,,,,,,,
1999-09-14,,,,,,,
1999-09-15,,,,,,,
1999-09-16,,,,,,,
1999-09-17,,,,,,,
1999-09-20,,,,,,,
1999-09-21,,,,,,,
1999-09-22,,,,,,,
1999-09-23,,,,,,,
1999-09-24,,,,,,,
1999-09-27,,,,,,,
1999-09-28,,,,,,,
1999-09-29,,,,,,,
1999-09-30,,,,,,,
1999-10-01,,,,,,,
1999-10-04,,,,,,,
1999-10-05,,,,,,,
1999-10-06,,,,,,,
1999-10-07,,,,,,,
1999-10-08,,,,,,,
1999-10-11,,,,,,,
1999-10-12,,,,,,,
1999-10-13,,,,,,,
1999-10-14,,,,,,,
1999-10-15,,,,,,,
1999-10-18,,,,,,,
1999-10-19,,,,,,,
1999-10-20,,,,,,,
1999-10-21,,,,,,,
1999-10-22,,,,,,,
1999-10-25,,,,,,,
1999-10-26,,,,,,,
1999-10-27,,,,,,,
1999-10-28,,,,,,,
1999-10-29,,,,,,,
1999-11-01,,,,,,,
1999-11-02,,,,,,,
1999-11-03,,,,,,,
1999-11-04,,,,,,,
1999-11-05,,,,,,,
1999-11-08,,,,,,,
1999-11-09,,,,,,,
1999-11-10,,,,,,,
1999-11-11,,,,,,,
1999-11-12,,,,,,,
1999-11-15,,,,,,,
1999-11-16,,,,,,,
1999-11-17,,,,,,,
1999-11-18,,,,,,,
1999-11-19,,,,,,,
1999-11-22,,,,,,,
1999-11-23,,,,,,,
1999-11-24,,,,,,,
1999-11-25,,,,,,,
1999-11-26,,,,,,,
1999-11-29,,,,,,,
1999-11-30,,,,,,,
1999-12-01,,,,,,,
1999-12-02,,,,,,,
1999-12-03,,,,,,,
1999-12-06,,,,,,,
1999-12-07,,,,,,,
1999-12-08,,,,,,,
1999-12-09,,,,,,,
1999-12-10,,,,,,,
1999-12-13,,,,,,,
1999-12-14,,,,,,,
1999-12-15,,,,,,,
1999-12-16,,,,,,,
1999-12-17,,,,,,,
1999-12-20,,,,,,,
1999-12-21,,,,,,,
1999-12-22,,,,,,,
1999-12-23,,,,,,,
1999-12-24,,,,,,,
1999-12-27,,,,,,,
1999-12-28,,,,,,,
1999-12-29,,,,,,,
1999-12-30,,,,,,,
1999-12-31,,,,,,,
2000-01-03,,,,,,,
2000-01-04,,,,,,,
2000-01-05,,,,,,,
2000-01-06,,,,,,,
2000-01-07,,,,,,,
2000-01-10,,,,,,,
2000-01-11,,,,,,,
2000-01-12,,,,,,,
2000-01-13,,,,,,,
2000-01-14,,,,,,,
2000-01-17,,,,,,,
2000-01-18,,,,,,,
2000-01-19,,,,,,,
2000-01-20,,,,,,,
2000-01-21,,,,,,,
2000-01-24,,,,,,,
2000-01-25,,,,,,,
2000-01-26,,,,,,,
2000-01-27,,,,,,,
2000-01-28,,,,,,,
2000-01-31,,,,,,,
2000-02-01,,,,,,,
2000-02-02,,,,,,,
2000-02-03,,,,,,,
2000-02-04,,,,,,,
2000-02-07,,,,,,,
2000-02-08,,,,,,,
2000-02-09,,,,,,,
2000-02-10,,,,,,,
2000-02-11,,,,,,,
2000-02-14,,,,,,,
2000-02-15,,,,,,,
2000-02-16,,,,,,,
2000-02-17,,,,,,,
2000-02-18,,,,,,,
2000-02-21,,,,,,,
2000-02-22,,,,,,,
2000-02-23,,,,,,,
2000-02-24,,,,,,,
2000-02-25,,,,,,,
2000-02-28,,,,,,,
2000-02-29,,,,,,,
2000-03-01,,,,,,,
2000-03-02,,,,,,,
2000-03-03,,,,,,,
2000-03-06,,,,,,,
2000-03-07,,,,,,,
2000-03-08,,,,,,,
2000-03-09,,,,,,,
2000-03-10,,,,,,,
2000-03-13,,,,,,,
2000-03-14,,,,,,,
2000-03-15,,,,,,,
2000-03-16,,,,,,,
2000-03-17,,,,,,,
2000-03-20,,,,,,,
2000-03-21,,,,,,,
2000-03-22,,,,,,,
2000-03-23,,,,,,,
2000-03-24,,,,,,,
2000-03-27,,,,,,,
2000-03-28,,,,,,,
2000-03-29,,,,,,,
2000-03-30,,,,,,,
2000-03-31,,,,,,,
2000-04-03,,,,,,,
2000-04-04,,,,,,,
2000-04-05,,,,,,,
2000-04-06,,,,,,,
2000-04-07,,,,,,,
2000-04-10,,,,,,,
2000-04-11,,,,,,,
2000-04-12,,,,,,,
2000-04-13,,,,,,,
2000-04-14,,,,,,,
2000-04-17,,,,,,,
2000-04-18,,,,,,,
2000-04-19,,,,,,,
2000-04-20,,,,,,,
2000-04-21,,,,,,,
2000-04-24,,,,,,,
2000-04-25,,,,,,,
2000-04-26,,,,,,,
2000-04-27,,,,,,,
2000-04-28,,,,,,,
2000-05-01,,,,,,,
2000-05-02,,,,,,,
2000-05-03,,,,,,,
2000-05-04,,,,,,,
2000-05-05,,,,,,,
2000-05-08,,,,,,,
2000-05-09,,,,,,,
2000-05-10,,,,,,,
2000-05-11,,,,,,,
2000-05-12,,,,,,,
2000-05-15,,,,,,,
2000-05-16,,,,,,,
2000-05-17,,,,,,,
2000-05-18,,,,,,,
2000-05-19,,,,,,,
2000-05-22,,,,,,,
2000-05-23,,,,,,,
2000-05-24,,,,,,,
2000-05-25,,,,,,,
2000-05-26,,,,,,,
2000-05-29,,,,,,,
2000-05-30,,,,,,,
2000-05-31,,,,,,,
2000-06-01,,,,,,,
2000-06-02,,,,,,,
2000-06-05,,,,,,,
2000-06-06,,,,,,,
2000-06-07,,,,,,,
2000-06-08,,,,,,,
2000-06-09,,,,,,,
2000-06-12,,,,,,,
2000-06-13,,,,,,,
2000-06-14,,,,,,,
2000-06-15,,,,,,,
2000-06-16,,,,,,,
2000-06-19,,,,,,,
2000-06-20,,,,,,,
2000-06-21,,,,,,,
2000-06-22,,,,,,,
2000-06-23,,,,,,,
2000-06-26,,,,,,,
2000-06-27,,,,,,,
2000-06-28,,,,,,,
2000-06-29,,,,,,,
2000-06-30,,,,,,,
2000-07-03,,,,,,,
2000-07-04,,,,,,,
2000-07-05,,,,,,,
2000-07-06,,,,,,,
2000-07-07,,,,,,,
2000-07-10,,,,,,,
2000-07-11,,,,,,,
2000-07-12,,,,,,,
2000-07-13,,,,,,,
2000-07-14,,,,,,,
2000-07-17,,,,,,,
2000-07-18,,,,,,,
2000-07-19,,,,,,,
2000-07-20,,,,,,,
2000-07-21,,,,,,,
2000-07-24,,,,,,,
2000-07-25,,,,,,,
2000-07-26,,,,,,,
2000-07-27,,,,,,,
2000-07-28,,,,,,,
2000-07-31,,,,,,,
2000-08-01,,,,,,,
2000-08-02,,,,,,,
2000-08-03,,,,,,,
2000-08-04,,,,,,,
2000-08-07,,,,,,,
2000-08-08,,,,,,,
2000-08-09,,,,,,,
2000-08-10,,,,,,,
2000-08-11,,,,,,,
2000-08-14,,,,,,,
2000-08-15,,,,,,,
2000-08-16,,,,,,,
2000-08-17,,,,,,,
2000-08-18,,,,,,,
2000-08-21,,,,,,,
2000-08-22,,,,,,,
2000-08-23,,,,,,,
2000-08-24,,,,,,,
2000-08-25,,,,,,,
2000-08-28,,,,,,,
2000-08-29,,,,,,,
2000-08-30,,,,,,,
2000-08-31,,,,,,,
2000-09-01,,,,,,,
2000-09-04,,,,,,,
2000-09-05,,,,,,,
2000-09-06,,,,,,,
2000-09-07,,,,,,,
2000-09-08,,,,,,,
2000-09-11,,,,,,,
2000-09-12,,,,,,,
2000-09-13,,,,,,,
2000-09-14,,,,,,,
2000-09-15,,,,,,,
2000-09-18,,,,,,,
2000-09-19,,,,,,,
2000-09-20,,,,,,,
2000-09-21,,,,,,,
2000-09-22,,,,,,,
2000-09-25,,,,,,,
2000-09-26,,,,,,,
2000-09-27,,,,,,,
2000-09-28,,,,,,,
2000-09-29,,,,,,,
2000-10-02,,,,,,,
2000-10-03,,,,,,,
2000-10-04,,,,,,,
2000-10-05,,,,,,,
2000-10-06,,,,,,,
2000-10-09,,,,,,,
2000-10-10,,,,,,,
2000-10-11,,,,,,,
2000-10-12,,,,,,,
2000-10-13,,,,,,,
2000-10-16,,,,,,,
2000-10-17,,,,,,,
2000-10-18,,,,,,,
2000-10-19,,,,,,,
2000-10-20,,,,,,,
2000-10-23,,,,,,,
2000-10-24,,,,,,,
2000-10-25,,,,,,,
2000-10-26,,,,,,,
2000-10-27,,,,,,,
2000-10-30,,,,,,,
2000-10-31,,,,,,,
2000-11-01,,,,,,,
2000-11-02,,,,,,,
2000-11-03,,,,,,,
2000-11-06,,,,,,,
2000-11-07,,,,,,,
2000-11-08,,,,,,,
2000-11-09,,,,,,,
2000-11-10,,,,,,,
2000-11-13,,,,,,,
2000-11-14,,,,,,,
2000-11-15,,,,,,,
2000-11-16,,,,,,,
2000-11-17,,,,,,,
2000-11-20,,,,,,,
2000-11-21,,,,,,,
2000-11-22,,,,,,,
2000-11-23,,,,,,,
2000-11-24,,,,,,,
2000-11-27,,,,,,,
2000-11-28,,,,,,,
2000-11-29,,,,,,,
2000-11-30,,,,,,,
2000-12-01,,,,,,,
2000-12-04,,,,,,,
2000-12-05,,,,,,,
2000-12-06,,,,,,,
2000-12-07,,,,,,,
2000-12-08,,,,,,,
2000-12-11,,,,,,,
2000-12-12,,,,,,,
2000-12-13,,,,,,,
2000-12-14,,,,,,,
2000-12-15,,,,,,,
2000-12-18,,,,,,,
2000-12-19,,,,,,,
2000-12-20,,,,,,,
2000-12-21,,,,,,,
2000-12-22,,,,,,,
2000-12-25,,,,,,,
2000-12-26,,,,,,,
2000-12-27,,,,,,,
2000-12-28,,,,,,,
2000-12-29,,,,,,,
2001-01-01,,,,,,,
2001-01-02,,,,,,,
2001-01-03,,,,,,,
2001-01-04,,,,,,,
2001-01-05,,,,,,,
2001-01-08,,,,,,,
2001-01-09,,,,,,,
2001-01-10,,,,,,,
2001-01-11,,,,,,,
2001-01-12,,,,,,,
2001-01-15,,,,,,,
2001-01-16,,,,,,,
2001-01-17,,,,,,,
2001-01-18,,,,,,,
2001-01-19,,,,,,,
2001-01-22,,,,,,,
2001-01-23,,,,,,,
2001-01-24,,,,,,,
2001-01-25,,,,,,,
2001-01-26,,,,,,,
2001-01-29,,,,,,,
2001-01-30,,,,,,,
2001-01-31,,,,,,,
2001-02-01,,,,,,,
2001-02-02,,,,,,,
2001-02-05,,,,,,,
2001-02-06,,,,,,,
2001-02-07,,,,,,,
2001-02-08,,,,,,,
2001-02-09,,,,,,,
2001-02-12,,,,,,,
2001-02-13,,,,,,,
2001-02-14,,,,,,,
2001-02-15,,,,,,,
2001-02-16,,,,,,,
2001-02-19,,,,,,,
2001-02-20,,,,,,,
2001-02-21,,,,,,,
2001-02-22,,,,,,,
2001-02-23,,,,,,,
2001-02-26,,,,,,,
2001-02-27,,,,,,,
2001-02-28,,,,,,,
2001-03-01,,,,,,,
2001-03-02,,,,,,,
2001-03-05,,,,,,,
2001-03-06,,,,,,,
2001-03-07,,,,,,,
2001-03-08,,,,,,,
2001-03-09,,,,,,,
2001-03-12,,,,,,,
2001-03-13,,,,,,,
2001-03-14,,,,,,,
2001-03-15,,,,,,,
2001-03-16,,,,,,,
2001-03-19,,,,,,,
2001-03-20,,,,,,,
2001-03-21,,,,,,,
2001-03-22,,,,,,,
2001-03-23,,,,,,,
2001-03-26,,,,,,,
2001-03-27,,,,,,,
2001-03-28,,,,,,,
2001-03-29,,,,,,,
2001-03-30,,,,,,,
2001-04-02,,,,,,,
2001-04-03,,,,,,,
2001-04-04,,,,,,,
2001-04-05,,,,,,,
2001-04-06,,,,,,,
2001-04-09,,,,,,,
2001-04-10,,,,,,,
2001-04-11,,,,,,,
2001-04-12,,,,,,,
2001-04-13,,,,,,,
2001-04-16,,,,,,,
2001-04-17,,,,,,,
2001-04-18,,,,,,,
2001-04-19,,,,,,,
2001-04-20,,,,,,,
2001-04-23,,,,,,,
2001-04-24,,,,,,,
2001-04-25,,,,,,,
2001-04-26,,,,,,,
2001-04-27,,,,,,,
2001-04-30,,,,,,,
2001-05-01,,,,,,,
2001-05-02,,,,,,,
2001-05-03,,,,,,,
2001-05-04,,,,,,,
2001-05-07,,,,,,,
2001-05-08,,,,,,,
2001-05-09,,,,,,,
2001-05-10,,,,,,,
2001-05-11,,,,,,,
2001-05-14,,,,,,,
2001-05-15,,,,,,,
2001-05-16,,,,,,,
2001-05-17,,,,,,,
2001-05-18,,,,,,,
2001-05-21,,,,,,,
2001-05-22,,,,,,,
2001-05-23,,,,,,,
2001-05-24,,,,,,,
2001-05-25,,,,,,,
2001-05-28,,,,,,,
2001-05-29,,,,,,,
2001-05-30,,,,,,,
2001-05-31,,,,,,,
2001-06-01,,,,,,,
2001-06-04,,,,,,,
2001-06-05,,,,,,,
2001-06-06,,,,,,,
2001-06-07,,,,,,,
2001-06-08,,,,,,,
2001-06-11,,,,,,,
2001-06-12,,,,,,,
2001-06-13,,,,,,,
2001-06-14,,,,,,,
2001-06-15,,,,,,,
2001-06-18,,,,,,,
2001-06-19,,,,,,,
2001-06-20,,,,,,,
2001-06-21,,,,,,,
2001-06-22,,,,,,,
2001-06-25,,,,,,,
2001-06-26,,,,,,,
2001-06-27,,,,,,,
2001-06-28,,,,,,,
2001-06-29,,,,,,,
2001-07-02,,,,,,,
2001-07-03,,,,,,,
2001-07-04,,,,,,,
2001-07-05,,,,,,,
2001-07-06,,,,,,,
2001-07-09,,,,,,,
2001-07-10,,,,,,,
2001-07-11,,,,,,,
2001-07-12,,,,,,,
2001-07-13,,,,,,,
2001-07-16,,,,,,,
2001-07-17,,,,,,,
2001-07-18,,,,,,,
2001-07-19,,,,,,,
2001-07-20,,,,,,,
2001-07-23,,,,,,,
2001-07-24,,,,,,,
2001-07-25,,,,,,,
2001-07-26,,,,,,,
2001-07-27,,,,,,,
2001-07-30,,,,,,,
2001-07-31,,,,,,,
2001-08-01,,,,,,,
2001-08-02,,,,,,,
2001-08-03,,,,,,,
2001-08-06,,,,,,,
2001-08-07,,,,,,,
2001-08-08,,,,,,,
2001-08-09,,,,,,,
2001-08-10,,,,,,,
2001-08-13,,,,,,,
2001-08-14,,,,,,,
2001-08-15,,,,,,,
2001-08-16,,,,,,,
2001-08-17,,,,,,,
2001-08-20,,,,,,,
2001-08-21,,,,,,,
2001-08-22,,,,,,,
2001-08-23,,,,,,,
2001-08-24,,,,,,,
2001-08-27,,,,,,,
2001-08-28,,,,,,,
2001-08-29,,,,,,,
2001-08-30,,,,,,,
2001-08-31,,,,,,,
2001-09-03,,,,,,,
2001-09-04,,,,,,,
2001-09-05,,,,,,,
2001-09-06,,,,,,,
2001-09-07,,,,,,,
2001-09-10,,,,,,,
2001-09-11,,,,,,,
2001-09-12,,,,,,,
2001-09-13,,,,,,,
2001-09-14,,,,,,,
2001-09-17,,,,,,,
2001-09-18,,,,,,,
2001-09-19,,,,,,,
2001-09-20,,,,,,,
2001-09-21,,,,,,,
2001-09-24,,,,,,,
2001-09-25,,,,,,,
2001-09-26,,,,,,,
2001-09-27,,,,,,,
2001-09-28,,,,,,,
2001-10-01,,,,,,,
2001-10-02,,,,,,,
2001-10-03,,,,,,,
2001-10-04,,,,,,,
2001-10-05,,,,,,,
2001-10-08,,,,,,,
2001-10-09,,,,,,,
2001-10-10,,,,,,,
2001-10-11,,,,,,,
2001-10-12,,,,,,,
2001-10-15,,,,,,,
2001-10-16,,,,,,,
2001-10-17,,,,,,,
2001-10-18,,,,,,,
2001-10-19,,,,,,,
2001-10-22,,,,,,,
2001-10-23,,,,,,,
2001-10-24,,,,,,,
2001-10-25,,,,,,,
2001-10-26,,,,,,,
2001-10-29,,,,,,,
2001-10-30,,,,,,,
2001-10-31,,,,,,,
2001-11-01,,,,,,,
2001-11-02,,,,,,,
2001-11-05,,,,,,,
2001-11-06,,,,,,,
2001-11-07,,,,,,,
2001-11-08,,,,,,,
2001-11-09,,,,,,,
2001-11-12,,,,,,,
2001-11-13,,,,,,,
2001-11-14,,,,,,,
2001-11-15,,,,,,,
2001-11-16,,,,,,,
2001-11-19,,,,,,,
2001-11-20,,,,,,,
2001-11-21,,,,,,,
2001-11-22,,,,,,,
2001-11-23,,,,,,,
2001-11-26,,,,,,,
2001-11-27,,,,,,,
2001-11-28,,,,,,,
2001-11-29,,,,,,,
2001-11-30,,,,,,,
2001-12-01,,,,,,,
2001-12-03,,,,,,,
2001-12-04,,,,,,,
2001-12-05,,,,,,,
2001-12-06,,,,,,,
2001-12-07,,,,,,,
2001-12-10,,,,,,,
2001-12-11,,,,,,,
2001-12-12,,,,,,,
2001-12-13,,,,,,,
2001-12-14,,,,,,,
2001-12-17,,,,,,,
2001-12-18,,,,,,,
2001-12-19,,,,,,,
2001-12-20,,,,,,,
2001-12-21,,,,,,,
2001-12-24,,,,,,,
2001-12-25,,,,,,,
2001-12-26,,,,,,,
2001-12-27,,,,,,,
2001-12-28,,,,,,,
2001-12-31,,,,,,,
2002-01-01,,,,,,,
2002-01-02,,,,,,,
2002-01-03,,,,,,,
2002-01-04,,,,,,,
2002-01-07,,,,,,,
2002-01-08,,,,,,,
2002-01-09,,,,,,,
2002-01-10,,,,,,,
2002-01-11,,,,,,,
2002-01-14,,,,,,,
2002-01-15,,,,,,,
2002-01-16,,,,,,,
2002-01-17,,,,,,,
2002-01-18,,,,,,,
2002-01-21,,,,,,,
2002-01-22,,,,,,,
2002-01-23,,,,,,,
2002-01-24,,,,,,,
2002-01-25,,,,,,,
2002-01-28,,,,,,,
2002-01-29,,,,,,,
2002-01-30,,,,,,,
2002-01-31,,,,,,,
2002-02-01,,,,,,,
2002-02-04,,,,,,,
2002-02-05,,,,,,,
2002-02-06,,,,,,,
2002-02-07,,,,,,,
2002-02-08,,,,,,,
2002-02-11,,,,,,,
2002-02-12,,,,,,,
2002-02-13,,,,,,,
2002-02-14,,,,,,,
2002-02-15,,,,,,,
2002-02-18,,,,,,,
2002-02-19,,,,,,,
2002-02-20,,,,,,,
2002-02-21,,,,,,,
2002-02-22,,,,,,,
2002-02-25,,,,,,,
2002-02-26,,,,,,,
2002-02-27,,,,,,,
2002-02-28,,,,,,,
2002-03-01,,,,,,,
2002-03-04,,,,,,,
2002-03-05,,,,,,,
2002-03-06,,,,,,,
2002-03-07,,,,,,,
2002-03-08,,,,,,,
2002-03-11,,,,,,,
2002-03-12,,,,,,,
2002-03-13,,,,,,,
2002-03-14,,,,,,,
2002-03-15,,,,,,,
2002-03-18,,,,,,,
2002-03-19,,,,,,,
2002-03-20,,,,,,,
2002-03-21,,,,,,,
2002-03-22,,,,,,,
2002-03-25,,,,,,,
2002-03-26,,,,,,,
2002-03-27,,,,,,,
2002-03-28,,,,,,,
2002-03-29,,,,,,,
2002-04-01,,,,,,,
2002-04-02,,,,,,,
2002-04-03,,,,,,,
2002-04-04,,,,,,,
2002-04-05,,,,,,,
2002-04-08,,,,,,,
2002-04-09,,,,,,,
2002-04-10,,,,,,,
2002-04-11,,,,,,,
2002-04-12,,,,,,,
2002-04-15,,,,,,,
2002-04-16,,,,,,,
2002-04-17,,,,,,,
2002-04-18,,,,,,,
2002-04-19,,,,,,,
2002-04-22,,,,,,,
2002-04-23,,,,,,,
2002-04-24,,,,,,,
2002-04-25,,,,,,,
2002-04-26,,,,,,,
2002-04-29,,,,,,,
2002-04-30,,,,,,,
2002-05-01,,,,,,,
2002-05-02,,,,,,,
2002-05-03,,,,,,,
2002-05-06,,,,,,,
2002-05-07,,,,,,,
2002-05-08,,,,,,,
2002-05-09,,,,,,,
2002-05-10,,,,,,,
2002-05-13,,,,,,,
2002-05-14,,,,,,,
2002-05-15,,,,,,,
2002-05-16,,,,,,,
2002-05-17,,,,,,,
2002-05-20,,,,,,,
2002-05-21,,,,,,,
2002-05-22,,,,,,,
2002-05-23,,,,,,,
2002-05-24,,,,,,,
2002-05-27,,,,,,,
2002-05-28,,,,,,,
2002-05-29,,,,,,,
2002-05-30,,,,,,,
2002-05-31,,,,,,,
2002-06-03,,,,,,,
2002-06-04,,,,,,,
2002-06-05,,,,,,,
2002-06-06,,,,,,,
2002-06-07,,,,,,,
2002-06-10,,,,,,,
2002-06-11,,,,,,,
2002-06-12,,,,,,,
2002-06-13,,,,,,,
2002-06-14,,,,,,,
2002-06-17,,,,,,,
2002-06-18,,,,,,,
2002-06-19,,,,,,,
2002-06-20,,,,,,,
2002-06-21,,,,,,,
2002-06-24,,,,,,,
2002-06-25,,,,,,,
2002-06-26,,,,,,,
2002-06-27,,,,,,,
2002-06-28,,,,,,,
2002-07-01,,,,,,,
2002-07-02,,,,,,,
2002-07-03,,,,,,,
2002-07-04,,,,,,,
2002-07-05,,,,,,,
2002-07-08,,,,,,,
2002-07-09,,,,,,,
2002-07-10,,,,,,,
2002-07-11,,,,,,,
2002-07-12,,,,,,,
2002-07-15,,,,,,,
2002-07-16,,,,,,,
2002-07-17,,,,,,,
2002-07-18,,,,,,,
2002-07-19,,,,,,,
2002-07-22,,,,,,,
2002-07-23,,,,,,,
2002-07-24,,,,,,,
2002-07-25,,,,,,,
2002-07-26,,,,,,,
2002-07-29,,,,,,,
2002-07-30,,,,,,,
2002-07-31,,,,,,,
2002-08-01,,,,,,,
2002-08-02,,,,,,,
2002-08-05,,,,,,,
2002-08-06,,,,,,,
2002-08-07,,,,,,,
2002-08-08,,,,,,,
2002-08-09,,,,,,,
2002-08-12,,,,,,,
2002-08-13,,,,,,,
2002-08-14,,,,,,,
2002-08-15,,,,,,,
2002-08-16,,,,,,,
2002-08-19,,,,,,,
2002-08-20,,,,,,,
2002-08-21,,,,,,,
2002-08-22,,,,,,,
2002-08-23,,,,,,,
2002-08-26,,,,,,,
2002-08-27,,,,,,,
2002-08-28,,,,,,,
2002-08-29,,,,,,,
2002-08-30,,,,,,,
2002-09-02,,,,,,,
2002-09-03,,,,,,,
2002-09-04,,,,,,,
2002-09-05,,,,,,,
2002-09-06,,,,,,,
2002-09-09,,,,,,,
2002-09-10,,,,,,,
2002-09-11,,,,,,,
2002-09-12,,,,,,,
2002-09-13,,,,,,,
2002-09-16,,,,,,,
2002-09-17,,,,,,,
2002-09-18,,,,,,,
2002-09-19,,,,,,,
2002-09-20,,,,,,,
2002-09-23,,,,,,,
2002-09-24,,,,,,,
2002-09-25,,,,,,,
2002-09-26,,,,,,,
2002-09-27,,,,,,,
2002-09-30,,,,,,,
2002-10-01,,,,,,,
2002-10-02,,,,,,,
2002-10-03,,,,,,,
2002-10-04,,,,,,,
2002-10-07,,,,,,,
2002-10-08,,,,,,,
2002-10-09,,,,,,,
2002-10-10,,,,,,,
2002-10-11,,,,,,,
2002-10-14,,,,,,,
2002-10-15,,,,,,,
2002-10-16,,,,,,,
2002-10-17,,,,,,,
2002-10-18,,,,,,,
2002-10-21,,,,,,,
2002-10-22,,,,,,,
2002-10-23,,,,,,,
2002-10-24,,,,,,,
2002-10-25,,,,,,,
2002-10-28,,,,,,,
2002-10-29,,,,,,,
2002-10-30,,,,,,,
2002-10-31,,,,,,,
2002-11-01,,,,,,,
2002-11-04,,,,,,,
2002-11-05,,,,,,,
2002-11-06,,,,,,,
2002-11-07,,,,,,,
2002-11-08,,,,,,,
2002-11-11,,,,,,,
2002-11-12,,,,,,,
2002-11-13,,,,,,,
2002-11-14,,,,,,,
2002-11-15,,,,,,,
2002-11-18,,,,,,,
2002-11-19,,,,,,,
2002-11-20,,,,,,,
2002-11-21,,,,,,,
2002-11-22,,,,,,,
2002-11-25,,,,,,,
2002-11-26,,,,,,,
2002-11-27,,,,,,,
2002-11-28,,,,,,,
2002-11-29,,,,,,,
2002-12-02,,,,,,,
2002-12-03,,,,,,,
2002-12-04,,,,,,,
2002-12-05,,,,,,,
2002-12-06,,,,,,,
2002-12-09,,,,,,,
2002-12-10,,,,,,,
2002-12-11,,,,,,,
2002-12-12,,,,,,,
2002-12-13,,,,,,,
2002-12-16,,,,,,,
2002-12-17,,,,,,,
2002-12-18,,,,,,,
2002-12-19,,,,,,,
2002-12-20,,,,,,,
2002-12-23,,,,,,,
2002-12-24,,,,,,,
2002-12-25,,,,,,,
2002-12-26,,,,,,,
2002-12-27,,,,,,,
2002-12-30,,,,,,,
2002-12-31,,,,,,,
2003-01-01,,,,,,,
2003-01-02,,,,,,,
2003-01-03,,,,,,,
2003-01-06,,,,,,,
2003-01-07,,,,,,,
2003-01-08,,,,,,,
2003-01-09,,,,,,,
2003-01-10,,,,,,,
2003-01-13,,,,,,,
2003-01-14,,,,,,,
2003-01-15,,,,,,,
2003-01-16,,,,,,,
2003-01-17,,,,,,,
2003-01-20,,,,,,,
2003-01-21,,,,,,,
2003-01-22,,,,,,,
2003-01-23,,,,,,,
2003-01-24,,,,,,,
2003-01-27,,,,,,,
2003-01-28,,,,,,,
2003-01-29,,,,,,,
2003-01-30,,,,,,,
2003-01-31,,,,,,,
2003-02-03,,,,,,,
2003-02-04,,,,,,,
2003-02-05,,,,,,,
2003-02-06,,,,,,,
2003-02-07,,,,,,,
2003-02-10,,,,,,,
2003-02-11,,,,,,,
2003-02-12,,,,,,,
2003-02-13,,,,,,,
2003-02-14,,,,,,,
2003-02-17,,,,,,,
2003-02-18,,,,,,,
2003-02-19,,,,,,,
2003-02-20,,,,,,,
2003-02-21,,,,,,,
2003-02-24,,,,,,,
2003-02-25,,,,,,,
2003-02-26,,,,,,,
2003-02-27,,,,,,,
2003-02-28,,,,,,,
2003-03-03,,,,,,,
2003-03-04,,,,,,,
2003-03-05,,,,,,,
2003-03-06,,,,,,,
2003-03-07,,,,,,,
2003-03-10,,,,,,,
2003-03-11,,,,,,,
2003-03-12,,,,,,,
2003-03-13,,,,,,,
2003-03-14,,,,,,,
2003-03-17,,,,,,,
2003-03-18,,,,,,,
2003-03-19,,,,,,,
2003-03-20,,,,,,,
2003-03-21,,,,,,,
2003-03-24,,,,,,,
2003-03-25,,,,,,,
2003-03-26,,,,,,,
2003-03-27,,,,,,,
2003-03-28,,,,,,,
2003-03-31,,,,,,,
2003-04-01,,,,,,,
2003-04-02,,,,,,,
2003-04-03,,,,,,,
2003-04-04,,,,,,,
2003-04-07,,,,,,,
2003-04-08,,,,,,,
2003-04-09,,,,,,,
2003-04-10,,,,,,,
2003-04-11,,,,,,,
2003-04-14,,,,,,,
2003-04-15,,,,,,,
2003-04-16,,,,,,,
2003-04-17,,,,,,,
2003-04-18,,,,,,,
2003-04-21,,,,,,,
2003-04-22,,,,,,,
2003-04-23,,,,,,,
2003-04-24,,,,,,,
2003-04-25,,,,,,,
2003-04-28,,,,,,,
2003-04-29,,,,,,,
2003-04-30,,,,,,,
2003-05-01,,,,,,,
2003-05-02,,,,,,,
2003-05-05,,,,,,,
2003-05-06,,,,,,,
2003-05-07,,,,,,,
2003-05-08,,,,,,,
2003-05-09,,,,,,,
2003-05-12,,,,,,,
2003-05-13,,,,,,,
2003-05-14,,,,,,,
2003-05-15,,,,,,,
2003-05-16,,,,,,,
2003-05-19,,,,,,,
2003-05-20,,,,,,,
2003-05-21,,,,,,,
2003-05-22,,,,,,,
2003-05-23,,,,,,,
2003-05-26,,,,,,,
2003-05-27,,,,,,,
2003-05-28,,,,,,,
2003-05-29,,,,,,,
2003-05-30,,,,,,,
2003-06-02,,,,,,,
2003-06-03,,,,,,,
2003-06-04,,,,,,,
2003-06-05,,,,,,,
2003-06-06,,,,,,,
2003-06-09,,,,,,,
2003-06-10,,,,,,,
2003-06-11,,,,,,,
2003-06-12,,,,,,,
2003-06-13,,,,,,,
2003-06-16,,,,,,,
2003-06-17,,,,,,,
2003-06-18,,,,,,,
2003-06-19,,,,,,,
2003-06-20,,,,,,,
2003-06-23,,,,,,,
2003-06-24,,,,,,,
2003-06-25,,,,,,,
2003-06-26,,,,,,,
2003-06-27,,,,,,,
2003-06-30,,,,,,,
2003-07-01,,,,,,,
2003-07-02,,,,,,,
2003-07-03,,,,,,,
2003-07-04,,,,,,,
2003-07-07,,,,,,,
2003-07-08,,,,,,,
2003-07-09,,,,,,,
2003-07-10,,,,,,,
2003-07-11,,,,,,,
2003-07-14,,,,,,,
2003-07-15,,,,,,,
2003-07-16,,,,,,,
2003-07-17,,,,,,,
2003-07-18,,,,,,,
2003-07-21,,,,,,,
2003-07-22,,,,,,,
2003-07-23,,,,,,,
2003-07-24,,,,,,,
2003-07-25,,,,,,,
2003-07-28,,,,,,,
2003-07-29,,,,,,,
2003-07-30,,,,,,,
2003-07-31,,,,,,,
2003-08-01,,,,,,,
2003-08-04,,,,,,,
2003-08-05,,,,,,,
2003-08-06,,,,,,,
2003-08-07,,,,,,,
2003-08-08,,,,,,,
2003-08-11,,,,,,,
2003-08-12,,,,,,,
2003-08-13,,,,,,,
2003-08-14,,,,,,,
2003-08-15,,,,,,,
2003-08-18,,,,,,,
2003-08-19,,,,,,,
2003-08-20,,,,,,,
2003-08-21,,,,,,,
2003-08-22,,,,,,,
2003-08-25,,,,,,,
2003-08-26,,,,,,,
2003-08-27,,,,,,,
2003-08-28,,,,,,,
2003-08-29,,,,,,,
2003-09-01,,,,,,,
2003-09-02,,,,,,,
2003-09-03,,,,,,,
2003-09-04,,,,,,,
2003-09-05,,,,,,,
2003-09-08,,,,,,,
2003-09-09,,,,,,,
2003-09-10,,,,,,,
2003-09-11,,,,,,,
2003-09-12,,,,,,,
2003-09-15,,,,,,,
2003-09-16,,,,,,,
2003-09-17,,,,,,,
2003-09-18,,,,,,,
2003-09-19,,,,,,,
2003-09-22,,,,,,,
2003-09-23,,,,,,,
2003-09-24,,,,,,,
2003-09-25,,,,,,,
2003-09-26,,,,,,,
2003-09-29,,,,,,,
2003-09-30,,,,,,,
2003-10-01,,,,,,,
2003-10-02,,,,,,,
2003-10-03,,,,,,,
2003-10-06,,,,,,,
2003-10-07,,,,,,,
2003-10-08,,,,,,,
2003-10-09,,,,,,,
2003-10-10,,,,,,,
2003-10-13,,,,,,,
2003-10-14,,,,,,,
2003-10-15,,,,,,,
2003-10-16,,,,,,,
2003-10-17,,,,,,,
2003-10-20,,,,,,,
2003-10-21,,,,,,,
2003-10-22,,,,,,,
2003-10-23,,,,,,,
2003-10-24,,,,,,,
2003-10-27,,,,,,,
2003-10-28,,,,,,,
2003-10-29,,,,,,,
2003-10-30,,,,,,,
2003-10-31,,,,,,,
2003-11-03,,,,,,,
2003-11-04,,,,,,,
2003-11-05,,,,,,,
2003-11-06,,,,,,,
2003-11-07,,,,,,,
2003-11-10,,,,,,,
2003-11-11,,,,,,,
2003-11-12,,,,,,,
2003-11-13,,,,,,,
2003-11-14,,,,,,,
2003-11-17,,,,,,,
2003-11-18,,,,,,,
2003-11-19,,,,,,,
2003-11-20,,,,,,,
2003-11-21,,,,,,,
2003-11-24,,,,,,,
2003-11-25,,,,,,,
2003-11-26,,,,,,,
2003-11-27,,,,,,,
2003-11-28,,,,,,,
2003-12-01,,,,,,,
2003-12-02,,,,,,,
2003-12-03,,,,,,,
2003-12-04,,,,,,,
2003-12-05,,,,,,,
2003-12-08,,,,,,,
2003-12-09,,,,,,,
2003-12-10,,,,,,,
2003-12-11,,,,,,,
2003-12-12,,,,,,,
2003-12-15,,,,,,,
2003-12-16,,,,,,,
2003-12-17,,,,,,,
2003-12-18,,,,,,,
2003-12-19,,,,,,,
2003-12-22,,,,,,,
2003-12-23,,,,,,,
2003-12-24,,,,,,,
2003-12-25,,,,,,,
2003-12-26,,,,,,,
2003-12-29,,,,,,,
2003-12-30,,,,,,,
2003-12-31,,,,,,,
2004-01-01,,,,,,,
2004-01-02,,,,,,,
2004-01-04,,,,,,,
2004-01-05,,,,,,,
2004-01-06,,,,,,,
2004-01-07,,,,,,,
2004-01-08,,,,,,,
2004-01-09,,,,,,,
2004-01-12,,,,,,,
2004-01-13,,,,,,,
2004-01-14,,,,,,,
2004-01-15,,,,,,,
2004-01-16,,,,,,,
2004-01-19,,,,,,,
2004-01-20,,,,,,,
2004-01-21,,,,,,,
2004-01-22,,,,,,,
2004-01-23,,,,,,,
2004-01-26,,,,,,,
2004-01-27,,,,,,,
2004-01-28,,,,,,,
2004-01-29,,,,,,,
2004-01-30,,,,,,,
2004-02-02,,,,,,,
2004-02-03,,,,,,,
2004-02-04,,,,,,,
2004-02-05,,,,,,,
2004-02-06,,,,,,,
2004-02-09,,,,,,,
2004-02-10,,,,,,,
2004-02-11,,,,,,,
2004-02-12,,,,,,,
2004-02-13,,,,,,,
2004-02-16,,,,,,,
2004-02-17,,,,,,,
2004-02-18,,,,,,,
2004-02-19,,,,,,,
2004-02-20,,,,,,,
2004-02-23,,,,,,,
2004-02-24,,,,,,,
2004-02-25,,,,,,,
2004-02-26,,,,,,,
2004-02-27,,,,,,,
2004-03-01,,,,,,,
2004-03-02,,,,,,,
2004-03-03,,,,,,,
2004-03-04,,,,,,,
2004-03-05,,,,,,,
2004-03-08,,,,,,,
2004-03-09,,,,,,,
2004-03-10,,,,,,,
2004-03-11,,,,,,,
2004-03-12,,,,,,,
2004-03-15,,,,,,,
2004-03-16,,,,,,,
2004-03-17,,,,,,,
2004-03-18,,,,,,,
2004-03-19,,,,,,,
2004-03-22,,,,,,,
2004-03-23,,,,,,,
2004-03-24,,,,,,,
2004-03-25,,,,,,,
2004-03-26,,,,,,,
2004-03-29,,,,,,,
2004-03-30,,,,,,,
2004-03-31,,,,,,,
2004-04-01,,,,,,,
2004-04-02,,,,,,,
2004-04-05,,,,,,,
2004-04-06,,,,,,,
2004-04-07,,,,,,,
2004-04-08,,,,,,,
2004-04-09,,,,,,,
2004-04-12,,,,,,,
2004-04-13,,,,,,,
2004-04-14,,,,,,,
2004-04-15,,,,,,,
2004-04-16,,,,,,,
2004-04-19,,,,,,,
2004-04-20,,,,,,,
2004-04-21,,,,,,,
2004-04-22,,,,,,,
2004-04-23,,,,,,,
2004-04-26,,,,,,,
2004-04-27,,,,,,,
2004-04-28,,,,,,,
2004-04-29,,,,,,,
2004-04-30,,,,,,,
2004-05-03,,,,,,,
2004-05-04,,,,,,,
2004-05-05,,,,,,,
2004-05-06,,,,,,,
2004-05-07,,,,,,,
2004-05-10,,,,,,,
2004-05-11,,,,,,,
2004-05-12,,,,,,,
2004-05-13,,,,,,,
2004-05-14,,,,,,,
2004-05-17,,,,,,,
2004-05-18,,,,,,,
2004-05-19,,,,,,,
2004-05-20,,,,,,,
2004-05-21,,,,,,,
2004-05-24,,,,,,,
2004-05-25,,,,,,,
2004-05-26,,,,,,,
2004-05-27,,,,,,,
2004-05-28,,,,,,,
2004-05-31,,,,,,,
2004-06-01,,,,,,,
2004-06-02,,,,,,,
2004-06-03,,,,,,,
2004-06-04,,,,,,,
2004-06-07,,,,,,,
2004-06-08,,,,,,,
2004-06-09,,,,,,,
2004-06-10,,,,,,,
2004-06-11,,,,,,,
2004-06-14,,,,,,,
2004-06-15,,,,,,,
2004-06-16,,,,,,,
2004-06-17,,,,,,,
2004-06-18,,,,,,,
2004-06-21,,,,,,,
2004-06-22,,,,,,,
2004-06-23,,,,,,,
2004-06-24,,,,,,,
2004-06-25,,,,,,,
2004-06-28,,,,,,,
2004-06-29,,,,,,,
2004-06-30,,,,,,,
2004-07-01,,,,,,,
2004-07-02,,,,,,,
2004-07-05,,,,,,,
2004-07-06,,,,,,,
2004-07-07,,,,,,,
2004-07-08,,,,,,,
2004-07-09,,,,,,,
2004-07-12,,,,,,,
2004-07-13,,,,,,,
2004-07-14,,,,,,,
2004-07-15,,,,,,,
2004-07-16,,,,,,,
2004-07-19,,,,,,,
2004-07-20,,,,,,,
2004-07-21,,,,,,,
2004-07-22,,,,,,,
2004-07-23,,,,,,,
2004-07-26,,,,,,,
2004-07-27,,,,,,,
2004-07-28,,,,,,,
2004-07-29,,,,,,,
2004-07-30,,,,,,,
2004-08-02,,,,,,,
2004-08-03,,,,,,,
2004-08-04,,,,,,,
2004-08-05,,,,,,,
2004-08-06,,,,,,,
2004-08-09,,,,,,,
2004-08-10,,,,,,,
2004-08-11,,,,,,,
2004-08-12,,,,,,,
2004-08-13,,,,,,,
2004-08-16,,,,,,,
2004-08-17,,,,,,,
2004-08-18,,,,,,,
2004-08-19,,,,,,,
2004-08-20,,,,,,,
2004-08-23,,,,,,,
2004-08-24,,,,,,,
2004-08-25,,,,,,,
2004-08-26,,,,,,,
2004-08-27,,,,,,,
2004-08-30,,,,,,,
2004-08-31,,,,,,,
2004-09-01,,,,,,,
2004-09-02,,,,,,,
2004-09-03,,,,,,,
2004-09-06,,,,,,,
2004-09-07,,,,,,,
2004-09-08,,,,,,,
2004-09-09,,,,,,,
2004-09-10,,,,,,,
2004-09-13,,,,,,,
2004-09-14,,,,,,,
2004-09-15,,,,,,,
2004-09-16,,,,,,,
2004-09-17,,,,,,,
2004-09-20,,,,,,,
2004-09-21,,,,,,,
2004-09-22,,,,,,,
2004-09-23,,,,,,,
2004-09-24,,,,,,,
2004-09-27,,,,,,,
2004-09-28,,,,,,,
2004-09-29,,,,,,,
2004-09-30,,,,,,,
2004-10-01,,,,,,,
2004-10-04,,,,,,,
2004-10-05,,,,,,,
2004-10-06,,,,,,,
2004-10-07,,,,,,,
2004-10-08,,,,,,,
2004-10-11,,,,,,,
2004-10-12,,,,,,,
2004-10-13,,,,,,,
2004-10-14,,,,,,,
2004-10-15,,,,,,,
2004-10-18,,,,,,,
2004-10-19,,,,,,,
2004-10-20,,,,,,,
2004-10-21,,,,,,,
2004-10-22,,,,,,,
2004-10-25,,,,,,,
2004-10-26,,,,,,,
2004-10-27,,,,,,,
2004-10-28,,,,,,,
2004-10-29,,,,,,,
2004-11-01,,,,,,,
2004-11-02,,,,,,,
2004-11-03,,,,,,,
2004-11-04,,,,,,,
2004-11-05,,,,,,,
2004-11-08,,,,,,,
2004-11-09,,,,,,,
2004-11-10,,,,,,,
2004-11-11,,,,,,,
2004-11-12,,,,,,,
2004-11-15,,,,,,,
2004-11-16,,,,,,,
2004-11-17,,,,,,,
2004-11-18,,,,,,,
2004-11-19,,,,,,,
2004-11-22,,,,,,,
2004-11-23,,,,,,,
2004-11-24,,,,,,,
2004-11-25,,,,,,,
2004-11-26,,,,,,,
2004-11-29,,,,,,,
2004-11-30,,,,,,,
2004-12-01,,,,,,,
2004-12-02,,,,,,,
2004-12-03,,,,,,,
2004-12-06,,,,,,,
2004-12-07,,,,,,,
2004-12-08,,,,,,,
2004-12-09,,,,,,,
2004-12-10,,,,,,,
2004-12-13,,,,,,,
2004-12-14,,,,,,,
2004-12-15,,,,,,,
2004-12-16,,,,,,,
2004-12-17,,,,,,,
2004-12-20,,,,,,,
2004-12-21,,,,,,,
2004-12-22,,,,,,,
2004-12-23,,,,,,,
2004-12-24,,,,,,,
2004-12-27,,,,,,,
2004-12-28,,,,,,,
2004-12-29,,,,,,,
2004-12-30,,,,,,,
2004-12-31,,,,,,,
2005-01-03,,,,,,,
2005-01-04,,,,,,,
2005-01-05,,,,,,,
2005-01-06,,,,,,,
2005-01-07,,,,,,,
2005-01-10,,,,,,,
2005-01-11,,,,,,,
2005-01-12,,,,,,,
2005-01-13,,,,,,,
2005-01-14,,,,,,,
2005-01-17,,,,,,,
2005-01-18,,,,,,,
2005-01-19,,,,,,,
2005-01-20,,,,,,,
2005-01-21,,,,,,,
2005-01-24,,,,,,,
2005-01-25,,,,,,,
2005-01-26,,,,,,,
2005-01-27,,,,,,,
2005-01-28,,,,,,,
2005-01-31,,,,,,,
2005-02-01,,,,,,,
2005-02-02,,,,,,,
2005-02-03,,,,,,,
2005-02-04,,,,,,,
2005-02-07,,,,,,,
2005-02-08,,,,,,,
2005-02-09,,,,,,,
2005-02-10,,,,,,,
2005-02-11,,,,,,,
2005-02-14,,,,,,,
2005-02-15,,,,,,,
2005-02-16,,,,,,,
2005-02-17,,,,,,,
2005-02-18,,,,,,,
2005-02-21,,,,,,,
2005-02-22,,,,,,,
2005-02-23,,,,,,,
2005-02-24,,,,,,,
2005-02-25,,,,,,,
2005-02-28,,,,,,,
2005-03-01,,,,,,,
2005-03-02,,,,,,,
2005-03-03,,,,,,,
2005-03-04,,,,,,,
2005-03-07,,,,,,,
2005-03-08,,,,,,,
2005-03-09,,,,,,,
2005-03-10,,,,,,,
2005-03-11,,,,,,,
2005-03-14,,,,,,,
2005-03-15,,,,,,,
2005-03-16,,,,,,,
2005-03-17,,,,,,,
2005-03-18,,,,,,,
2005-03-21,,,,,,,
2005-03-22,,,,,,,
2005-03-23,,,,,,,
2005-03-24,,,,,,,
2005-03-25,,,,,,,
2005-03-28,,,,,,,
2005-03-29,,,,,,,
2005-03-30,,,,,,,
2005-03-31,,,,,,,
2005-04-01,,,,,,,
2005-04-04,,,,,,,
2005-04-05,,,,,,,
2005-04-06,,,,,,,
2005-04-07,,,,,,,
2005-04-08,,,,,,,
2005-04-11,,,,,,,
2005-04-12,,,,,,,
2005-04-13,,,,,,,
2005-04-14,,,,,,,
2005-04-15,,,,,,,
2005-04-18,,,,,,,
2005-04-19,,,,,,,
2005-04-20,,,,,,,
2005-04-21,,,,,,,
2005-04-22,,,,,,,
2005-04-25,,,,,,,
2005-04-26,,,,,,,
2005-04-27,,,,,,,
2005-04-28,,,,,,,
2005-04-29,,,,,,,
2005-05-02,,,,,,,
2005-05-03,,,,,,,
2005-05-04,,,,,,,
2005-05-05,,,,,,,
2005-05-06,,,,,,,
2005-05-09,,,,,,,
2005-05-10,,,,,,,
2005-05-11,,,,,,,
2005-05-12,,,,,,,
2005-05-13,,,,,,,
2005-05-16,,,,,,,
2005-05-17,,,,,,,
2005-05-18,,,,,,,
2005-05-19,,,,,,,
2005-05-20,,,,,,,
2005-05-23,,,,,,,
2005-05-24,,,,,,,
2005-05-25,,,,,,,
2005-05-26,,,,,,,
2005-05-27,,,,,,,
2005-05-30,,,,,,,
2005-05-31,,,,,,,
2005-06-01,,,,,,,
2005-06-02,,,,,,,
2005-06-03,,,,,,,
2005-06-06,,,,,,,
2005-06-07,,,,,,,
2005-06-08,,,,,,,
2005-06-09,,,,,,,
2005-06-10,,,,,,,
2005-06-13,,,,,,,
2005-06-14,,,,,,,
2005-06-15,,,,,,,
2005-06-16,,,,,,,
2005-06-17,,,,,,,
2005-06-20,,,,,,,
2005-06-21,,,,,,,
2005-06-22,,,,,,,
2005-06-23,,,,,,,
2005-06-24,,,,,,,
2005-06-27,,,,,,,
2005-06-28,,,,,,,
2005-06-29,,,,,,,
2005-06-30,,,,,,,
2005-07-01,,,,,,,
2005-07-04,,,,,,,
2005-07-05,,,,,,,
2005-07-06,,,,,,,
2005-07-07,,,,,,,
2005-07-08,,,,,,,
2005-07-11,,,,,,,
2005-07-12,,,,,,,
2005-07-13,,,,,,,
2005-07-14,,,,,,,
2005-07-15,,,,,,,
2005-07-18,,,,,,,
2005-07-19,,,,,,,
2005-07-20,,,,,,,
2005-07-21,,,,,,,
2005-07-22,,,,,,,
2005-07-25,,,,,,,
2005-07-26,,,,,,,
2005-07-27,,,,,,,
2005-07-28,,,,,,,
2005-07-29,,,,,,,
2005-08-01,,,,,,,
2005-08-02,,,,,,,
2005-08-03,,,,,,,
2005-08-04,,,,,,,
2005-08-05,,,,,,,
2005-08-08,,,,,,,
2005-08-09,,,,,,,
2005-08-10,,,,,,,
2005-08-11,,,,,,,
2005-08-12,,,,,,,
2005-08-15,,,,,,,
2005-08-16,,,,,,,
2005-08-17,,,,,,,
2005-08-18,,,,,,,
2005-08-19,,,,,,,
2005-08-22,,,,,,,
2005-08-23,,,,,,,
2005-08-24,,,,,,,
2005-08-25,,,,,,,
2005-08-26,,,,,,,
2005-08-29,,,,,,,
2005-08-30,,,,,,,
2005-08-31,,,,,,,
2005-09-01,,,,,,,
2005-09-02,,,,,,,
2005-09-05,,,,,,,
2005-09-06,,,,,,,
2005-09-07,,,,,,,
2005-09-08,,,,,,,
2005-09-09,,,,,,,
2005-09-12,,,,,,,
2005-09-13,,,,,,,
2005-09-14,,,,,,,
2005-09-15,,,,,,,
2005-09-16,,,,,,,
2005-09-19,,,,,,,
2005-09-20,,,,,,,
2005-09-21,,,,,,,
2005-09-22,,,,,,,
2005-09-23,,,,,,,
2005-09-26,,,,,,,
2005-09-27,,,,,,,
2005-09-28,,,,,,,
2005-09-29,,,,,,,
2005-09-30,,,,,,,
2005-10-03,,,,,,,
2005-10-04,,,,,,,
2005-10-05,,,,,,,
2005-10-06,,,,,,,
2005-10-07,,,,,,,
2005-10-10,,,,,,,
2005-10-11,,,,,,,
2005-10-12,,,,,,,
2005-10-13,,,,,,,
2005-10-14,,,,,,,
2005-10-17,,,,,,,
2005-10-18,,,,,,,
2005-10-19,,,,,,,
2005-10-20,,,,,,,
2005-10-21,,,,,,,
2005-10-24,,,,,,,
2005-10-25,,,,,,,
2005-10-26,,,,,,,
2005-10-27,,,,,,,
2005-10-28,,,,,,,
2005-10-31,,,,,,,
2005-11-01,,,,,,,
2005-11-02,,,,,,,
2005-11-03,,,,,,,
2005-11-04,,,,,,,
2005-11-07,,,,,,,
2005-11-08,,,,,,,
2005-11-09,,,,,,,
2005-11-10,,,,,,,
2005-11-11,,,,,,,
2005-11-14,,,,,,,
2005-11-15,,,,,,,
2005-11-16,,,,,,,
2005-11-17,,,,,,,
2005-11-18,,,,,,,
2005-11-21,,,,,,,
2005-11-22,,,,,,,
2005-11-23,,,,,,,
2005-11-24,,,,,,,
2005-11-25,,,,,,,
2005-11-28,,,,,,,
2005-11-29,,,,,,,
2005-11-30,,,,,,,
2005-12-01,,,,,,,
2005-12-02,,,,,,,
2005-12-05,,,,,,,
2005-12-06,,,,,,,
2005-12-07,,,,,,,
2005-12-08,,,,,,,
2005-12-09,,,,,,,
2005-12-12,,,,,,,
2005-12-13,,,,,,,
2005-12-14,,,,,,,
2005-12-15,,,,,,,
2005-12-16,,,,,,,
2005-12-19,,,,,,,
2005-12-20,,,,,,,
2005-12-21,,,,,,,
2005-12-22,,,,,,,
2005-12-23,,,,,,,
2005-12-26,,,,,,,
2005-12-27,,,,,,,
2005-12-28,,,,,,,
2005-12-29,,,,,,,
2005-12-30,,,,,,,
2006-01-02,,,,,,,
2006-01-03,,,,,,,
2006-01-04,,,,,,,
2006-01-05,,,,,,,
2006-01-06,,,,,,,
2006-01-09,,,,,,,
2006-01-10,,,,,,,
2006-01-11,,,,,,,
2006-01-12,,,,,,,
2006-01-13,,,,,,,
2006-01-16,,,,,,,
2006-01-17,,,,,,,
2006-01-18,,,,,,,
2006-01-19,,,,,,,
2006-01-20,,,,,,,
2006-01-23,,,,,,,
2006-01-24,,,,,,,
2006-01-25,,,,,,,
2006-01-26,,,,,,,
2006-01-27,,,,,,,
2006-01-30,,,,,,,
2006-01-31,,,,,,,
2006-02-01,,,,,,,
2006-02-02,,,,,,,
2006-02-03,,,,,,,
2006-02-06,,,,,,,
2006-02-07,,,,,,,
2006-02-08,,,,,,,
2006-02-09,,,,,,,
2006-02-10,,,,,,,
2006-02-13,,,,,,,
2006-02-14,,,,,,,
2006-02-15,,,,,,,
2006-02-16,,,,,,,
2006-02-17,,,,,,,
2006-02-20,,,,,,,
2006-02-21,,,,,,,
2006-02-22,,,,,,,
2006-02-23,,,,,,,
2006-02-24,,,,,,,
2006-02-27,,,,,,,
2006-02-28,,,,,,,
2006-03-01,,,,,,,
2006-03-02,,,,,,,
2006-03-03,,,,,,,
2006-03-06,,,,,,,
2006-03-07,,,,,,,
2006-03-08,,,,,,,
2006-03-09,,,,,,,
2006-03-10,,,,,,,
2006-03-13,,,,,,,
2006-03-14,,,,,,,
2006-03-15,,,,,,,
2006-03-16,,,,,,,
2006-03-17,,,,,,,
2006-03-20,,,,,,,
2006-03-21,,,,,,,
2006-03-22,,,,,,,
2006-03-23,,,,,,,
2006-03-24,,,,,,,
2006-03-27,,,,,,,
2006-03-28,,,,,,,
2006-03-29,,,,,,,
2006-03-30,,,,,,,
2006-03-31,,,,,,,
2006-04-03,,,,,,,
2006-04-04,,,,,,,
2006-04-05,,,,,,,
2006-04-06,,,,,,,
2006-04-07,,,,,,,
2006-04-10,,,,,,,
2006-04-11,,,,,,,
2006-04-12,,,,,,,
2006-04-13,,,,,,,
2006-04-14,,,,,,,
2006-04-17,,,,,,,
2006-04-18,,,,,,,
2006-04-19,,,,,,,
2006-04-20,,,,,,,
2006-04-21,,,,,,,
2006-04-24,,,,,,,
2006-04-25,,,,,,,
2006-04-26,,,,,,,
2006-04-27,,,,,,,
2006-04-28,,,,,,,
2006-05-01,,,,,,,
2006-05-02,,,,,,,
2006-05-03,,,,,,,
2006-05-04,,,,,,,
2006-05-05,,,,,,,
2006-05-08,,,,,,,
2006-05-09,,,,,,,
2006-05-10,,,,,,,
2006-05-11,,,,,,,
2006-05-12,,,,,,,
2006-05-15,,,,,,,
2006-05-16,,,,,,,
2006-05-17,,,,,,,
2006-05-18,,,,,,,
2006-05-19,,,,,,,
2006-05-22,,,,,,,
2006-05-23,,,,,,,
2006-05-24,,,,,,,
2006-05-25,,,,,,,
2006-05-26,,,,,,,
2006-05-29,,,,,,,
2006-05-30,,,,,,,
2006-05-31,,,,,,,
2006-06-01,,,,,,,
2006-06-02,,,,,,,
2006-06-05,,,,,,,
2006-06-06,,,,,,,
2006-06-07,,,,,,,
2006-06-08,,,,,,,
2006-06-09,,,,,,,
2006-06-12,,,,,,,
2006-06-13,,,,,,,
2006-06-14,,,,,,,
2006-06-15,,,,,,,
2006-06-16,,,,,,,
2006-06-19,,,,,,,
2006-06-20,,,,,,,
2006-06-21,,,,,,,
2006-06-22,,,,,,,
2006-06-23,,,,,,,
2006-06-26,,,,,,,
2006-06-27,,,,,,,
2006-06-28,,,,,,,
2006-06-29,,,,,,,
2006-06-30,,,,,,,
2006-07-03,,,,,,,
2006-07-04,,,,,,,
2006-07-05,,,,,,,
2006-07-06,,,,,,,
2006-07-07,,,,,,,
2006-07-10,,,,,,,
2006-07-11,,,,,,,
2006-07-12,,,,,,,
2006-07-13,,,,,,,
2006-07-14,,,,,,,
2006-07-17,,,,,,,
2006-07-18,,,,,,,
2006-07-19,,,,,,,
2006-07-20,,,,,,,
2006-07-21,,,,,,,
2006-07-24,,,,,,,
2006-07-25,,,,,,,
2006-07-26,,,,,,,
2006-07-27,,,,,,,
2006-07-28,,,,,,,
2006-07-31,,,,,,,
2006-08-01,,,,,,,
2006-08-02,,,,,,,
2006-08-03,,,,,,,
2006-08-04,,,,,,,
2006-08-07,,,,,,,
2006-08-08,,,,,,,
2006-08-09,,,,,,,
2006-08-10,,,,,,,
2006-08-11,,,,,,,
2006-08-14,,,,,,,
2006-08-15,,,,,,,
2006-08-16,,,,,,,
2006-08-17,,,,,,,
2006-08-18,,,,,,,
2006-08-21,,,,,,,
2006-08-22,,,,,,,
2006-08-23,,,,,,,
2006-08-24,,,,,,,
2006-08-25,,,,,,,
2006-08-28,,,,,,,
2006-08-29,,,,,,,
2006-08-30,,,,,,,
2006-08-31,,,,,,,
2006-09-01,,,,,,,
2006-09-04,,,,,,,
2006-09-05,,,,,,,
2006-09-06,,,,,,,
2006-09-07,,,,,,,
2006-09-08,,,,,,,
2006-09-11,,,,,,,
2006-09-12,,,,,,,
2006-09-13,,,,,,,
2006-09-14,,,,,,,
2006-09-15,,,,,,,
2006-09-18,,,,,,,
2006-09-19,,,,,,,
2006-09-20,,,,,,,
2006-09-21,,,,,,,
2006-09-22,,,,,,,
2006-09-25,,,,,,,
2006-09-26,,,,,,,
2006-09-27,,,,,,,
2006-09-28,,,,,,,
2006-09-29,,,,,,,
2006-10-02,,,,,,,
2006-10-03,,,,,,,
2006-10-04,,,,,,,
2006-10-05,,,,,,,
2006-10-06,,,,,,,
2006-10-09,,,,,,,
2006-10-10,,,,,,,
2006-10-11,,,,,,,
2006-10-12,,,,,,,
2006-10-13,,,,,,,
2006-10-16,,,,,,,
2006-10-17,,,,,,,
2006-10-18,,,,,,,
2006-10-19,,,,,,,
2006-10-20,,,,,,,
2006-10-23,,,,,,,
2006-10-24,,,,,,,
2006-10-25,,,,,,,
2006-10-26,,,,,,,
2006-10-27,,,,,,,
2006-10-30,,,,,,,
2006-10-31,,,,,,,
2006-11-01,,,,,,,
2006-11-02,,,,,,,
2006-11-03,,,,,,,
2006-11-06,,,,,,,
2006-11-07,,,,,,,
2006-11-08,,,,,,,
2006-11-09,,,,,,,
2006-11-10,,,,,,,
2006-11-13,,,,,,,
2006-11-14,,,,,,,
2006-11-15,,,,,,,
2006-11-16,,,,,,,
2006-11-17,,,,,,,
2006-11-20,,,,,,,
2006-11-21,,,,,,,
2006-11-22,,,,,,,
2006-11-23,,,,,,,
2006-11-24,,,,,,,
2006-11-27,,,,,,,
2006-11-28,,,,,,,
2006-11-29,,,,,,,
2006-11-30,,,,,,,
2006-12-01,,,,,,,
2006-12-04,,,,,,,
2006-12-05,,,,,,,
2006-12-06,,,,,,,
2006-12-07,,,,,,,
2006-12-08,,,,,,,
2006-12-11,,,,,,,
2006-12-12,,,,,,,
2006-12-13,,,,,,,
2006-12-14,,,,,,,
2006-12-15,,,,,,,
2006-12-18,,,,,,,
2006-12-19,,,,,,,
2006-12-20,,,,,,,
2006-12-21,,,,,,,
2006-12-22,,,,,,,
2006-12-25,,,,,,,
2006-12-26,,,,,,,
2006-12-27,,,,,,,
2006-12-28,,,,,,,
2006-12-29,,,,,,,
2007-01-01,,,,,,,
2007-01-02,,,,,,,
2007-01-03,,,,,,,
2007-01-04,,,,,,,
2007-01-05,,,,,,,
2007-01-08,,,,,,,
2007-01-09,,,,,,,
2007-01-10,,,,,,,
2007-01-11,,,,,,,
2007-01-12,,,,,,,
2007-01-15,,,,,,,
2007-01-16,,,,,,,
2007-01-17,,,,,,,
2007-01-18,,,,,,,
2007-01-19,,,,,,,
2007-01-22,,,,,,,
2007-01-23,,,,,,,
2007-01-24,,,,,,,
2007-01-25,,,,,,,
2007-01-26,,,,,,,
2007-01-29,,,,,,,
2007-01-30,,,,,,,
2007-01-31,,,,,,,
2007-02-01,,,,,,,
2007-02-02,,,,,,,
2007-02-05,,,,,,,
2007-02-06,,,,,,,
2007-02-07,,,,,,,
2007-02-08,,,,,,,
2007-02-09,,,,,,,
2007-02-12,,,,,,,
2007-02-13,,,,,,,
2007-02-14,,,,,,,
2007-02-15,,,,,,,
2007-02-16,,,,,,,
2007-02-19,,,,,,,
2007-02-20,,,,,,,
2007-02-21,,,,,,,
2007-02-22,,,,,,,
2007-02-23,,,,,,,
2007-02-26,,,,,,,
2007-02-27,,,,,,,
2007-02-28,,,,,,,
2007-03-01,,,,,,,
2007-03-02,,,,,,,
2007-03-05,,,,,,,
2007-03-06,,,,,,,
2007-03-07,,,,,,,
2007-03-08,,,,,,,
2007-03-09,,,,,,,
2007-03-12,,,,,,,
2007-03-13,,,,,,,
2007-03-14,,,,,,,
2007-03-15,,,,,,,
2007-03-16,,,,,,,
2007-03-19,,,,,,,
2007-03-20,,,,,,,
2007-03-21,,,,,,,
2007-03-22,,,,,,,
2007-03-23,,,,,,,
2007-03-26,,,,,,,
2007-03-27,,,,,,,
2007-03-28,,,,,,,
2007-03-29,,,,,,,
2007-03-30,,,,,,,
2007-04-02,,,,,,,
2007-04-03,,,,,,,
2007-04-04,,,,,,,
2007-04-05,,,,,,,
2007-04-06,,,,,,,
2007-04-09,,,,,,,
2007-04-10,,,,,,,
2007-04-11,,,,,,,
2007-04-12,,,,,,,
2007-04-13,,,,,,,
2007-04-16,,,,,,,
2007-04-17,,,,,,,
2007-04-18,,,,,,,
2007-04-19,,,,,,,
2007-04-20,,,,,,,
2007-04-23,,,,,,,
2007-04-24,,,,,,,
2007-04-25,,,,,,,
2007-04-26,,,,,,,
2007-04-27,,,,,,,
2007-04-30,,,,,,,
2007-05-01,,,,,,,
2007-05-02,,,,,,,
2007-05-03,,,,,,,
2007-05-04,,,,,,,
2007-05-06,,,,,,,
2007-05-07,,,,,,,
2007-05-08,,,,,,,
2007-05-09,,,,,,,
2007-05-10,,,,,,,
2007-05-11,,,,,,,
2007-05-14,,,,,,,
2007-05-15,,,,,,,
2007-05-16,,,,,,,
2007-05-17,,,,,,,
2007-05-18,,,,,,,
2007-05-21,,,,,,,
2007-05-22,,,,,,,
2007-05-23,,,,,,,
2007-05-24,,,,,,,
2007-05-25,,,,,,,
2007-05-28,,,,,,,
2007-05-29,,,,,,,
2007-05-30,,,,,,,
2007-05-31,,,,,,,
2007-06-01,,,,,,,
2007-06-04,,,,,,,
2007-06-05,,,,,,,
2007-06-06,,,,,,,
2007-06-07,,,,,,,
2007-06-08,,,,,,,
2007-06-11,,,,,,,
2007-06-12,,,,,,,
2007-06-13,,,,,,,
2007-06-14,,,,,,,
2007-06-15,,,,,,,
2007-06-18,,,,,,,
2007-06-19,,,,,,,
2007-06-20,,,,,,,
2007-06-21,,,,,,,
2007-06-22,,,,,,,
2007-06-25,,,,,,,
2007-06-26,,,,,,,
2007-06-27,,,,,,,
2007-06-28,,,,,,,
2007-06-29,,,,,,,
2007-07-02,,,,,,,
2007-07-03,,,,,,,
2007-07-04,,,,,,,
2007-07-05,,,,,,,
2007-07-06,,,,,,,
2007-07-09,,,,,,,
2007-07-10,,,,,,,
2007-07-11,,,,,,,
2007-07-12,,,,,,,
2007-07-13,,,,,,,
2007-07-16,,,,,,,
2007-07-17,,,,,,,
2007-07-18,,,,,,,
2007-07-19,,,,,,,
2007-07-20,,,,,,,
2007-07-23,,,,,,,
2007-07-24,,,,,,,
2007-07-25,,,,,,,
2007-07-26,,,,,,,
2007-07-27,,,,,,,
2007-07-30,,,,,,,
2007-07-31,,,,,,,
2007-08-01,,,,,,,
2007-08-02,,,,,,,
2007-08-03,,,,,,,
2007-08-06,,,,,,,
2007-08-07,,,,,,,
2007-08-08,,,,,,,
2007-08-09,,,,,,,
2007-08-10,,,,,,,
2007-08-13,,,,,,,
2007-08-14,,,,,,,
2007-08-15,,,,,,,
2007-08-16,,,,,,,
2007-08-17,,,,,,,
2007-08-20,,,,,,,
2007-08-21,,,,,,,
2007-08-22,,,,,,,
2007-08-23,,,,,,,
2007-08-24,,,,,,,
2007-08-27,,,,,,,
2007-08-28,,,,,,,
2007-08-29,,,,,,,
2007-08-30,,,,,,,
2007-08-31,,,,,,,
2007-09-03,,,,,,,
2007-09-04,,,,,,,
2007-09-05,,,,,,,
2007-09-06,,,,,,,
2007-09-07,,,,,,,
2007-09-10,,,,,,,
2007-09-11,,,,,,,
2007-09-12,,,,,,,
2007-09-13,,,,,,,
2007-09-14,,,,,,,
2007-09-17,,,,,,,
2007-09-18,,,,,,,
2007-09-19,,,,,,,
2007-09-20,,,,,,,
2007-09-21,,,,,,,
2007-09-24,,,,,,,
2007-09-25,,,,,,,
2007-09-26,,,,,,,
2007-09-27,,,,,,,
2007-09-28,,,,,,,
2007-10-01,,,,,,,
2007-10-02,,,,,,,
2007-10-03,,,,,,,
2007-10-04,,,,,,,
2007-10-05,,,,,,,
2007-10-08,,,,,,,
2007-10-09,,,,,,,
2007-10-10,,,,,,,
2007-10-11,,,,,,,
2007-10-12,,,,,,,
2007-10-15,,,,,,,
2007-10-16,,,,,,,
2007-10-17,,,,,,,
2007-10-18,,,,,,,
2007-10-19,,,,,,,
2007-10-22,,,,,,,
2007-10-23,,,,,,,
2007-10-24,,,,,,,
2007-10-25,,,,,,,
2007-10-26,,,,,,,
2007-10-29,,,,,,,
2007-10-30,,,,,,,
2007-10-31,,,,,,,
2007-11-01,,,,,,,
2007-11-02,,,,,,,
2007-11-05,,,,,,,
2007-11-06,,,,,,,
2007-11-07,,,,,,,
2007-11-08,,,,,,,
2007-11-09,,,,,,,
2007-11-12,,,,,,,
2007-11-13,,,,,,,
2007-11-14,,,,,,,
2007-11-15,,,,,,,
2007-11-16,,,,,,,
2007-11-19,,,,,,,
2007-11-20,,,,,,,
2007-11-21,,,,,,,
2007-11-22,,,,,,,
2007-11-23,,,,,,,
2007-11-26,,,,,,,
2007-11-27,,,,,,,
2007-11-28,,,,,,,
2007-11-29,,,,,,,
2007-11-30,,,,,,,
2007-12-03,,,,,,,
2007-12-04,,,,,,,
2007-12-05,,,,,,,
2007-12-06,,,,,,,
2007-12-07,,,,,,,
2007-12-10,,,,,,,
2007-12-11,,,,,,,
2007-12-12,,,,,,,
2007-12-13,,,,,,,
2007-12-14,,,,,,,
2007-12-17,,,,,,,
2007-12-18,,,,,,,
2007-12-19,,,,,,,
2007-12-20,,,,,,,
2007-12-21,,,,,,,
2007-12-24,,,,,,,
2007-12-25,,,,,,,
2007-12-26,,,,,,,
2007-12-27,,,,,,,
2007-12-28,,,,,,,
2007-12-31,,,,,,,
2008-01-01,,,,,,,
2008-01-02,,,,,,,
2008-01-03,,,,,,,
2008-01-04,,,,,,,
2008-01-07,,,,,,,
2008-01-08,,,,,,,
2008-01-09,,,,,,,
2008-01-10,,,,,,,
2008-01-11,,,,,,,
2008-01-14,,,,,,,
2008-01-15,,,,,,,
2008-01-16,,,,,,,
2008-01-17,,,,,,,
2008-01-18,,,,,,,
2008-01-21,,,,,,,
2008-01-22,,,,,,,
2008-01-23,,,,,,,
2008-01-24,,,,,,,
2008-01-25,,,,,,,
2008-01-28,,,,,,,
2008-01-29,,,,,,,
2008-01-30,,,,,,,
2008-01-31,,,,,,,
2008-02-01,,,,,,,
2008-02-04,,,,,,,
2008-02-05,,,,,,,
2008-02-06,,,,,,,
2008-02-07,,,,,,,
2008-02-08,,,,,,,
2008-02-11,,,,,,,
2008-02-12,,,,,,,
2008-02-13,,,,,,,
2008-02-14,,,,,,,
2008-02-15,,,,,,,
2008-02-18,,,,,,,
2008-02-19,,,,,,,
2008-02-20,,,,,,,
2008-02-21,,,,,,,
2008-02-22,,,,,,,
2008-02-25,,,,,,,
2008-02-26,,,,,,,
2008-02-27,,,,,,,
2008-02-28,,,,,,,
2008-02-29,,,,,,,
2008-03-03,,,,,,,
2008-03-04,,,,,,,
2008-03-05,,,,,,,
2008-03-06,,,,,,,
2008-03-07,,,,,,,
2008-03-10,,,,,,,
2008-03-11,,,,,,,
2008-03-12,,,,,,,
2008-03-13,,,,,,,
2008-03-14,,,,,,,
2008-03-17,,,,,,,
2008-03-18,,,,,,,
2008-03-19,,,,,,,
2008-03-20,,,,,,,
2008-03-21,,,,,,,
2008-03-24,,,,,,,
2008-03-25,,,,,,,
2008-03-26,,,,,,,
2008-03-27,,,,,,,
2008-03-28,,,,,,,
2008-03-31,,,,,,,
2008-04-01,,,,,,,
2008-04-02,,,,,,,
2008-04-03,,,,,,,
2008-04-04,,,,,,,
2008-04-07,,,,,,,
2008-04-08,,,,,,,
2008-04-09,,,,,,,
2008-04-10,,,,,,,
2008-04-11,,,,,,,
2008-04-14,,,,,,,
2008-04-15,,,,,,,
2008-04-16,,,,,,,
2008-04-17,,,,,,,
2008-04-18,,,,,,,
2008-04-21,,,,,,,
2008-04-22,,,,,,,
2008-04-23,,,,,,,
2008-04-24,,,,,,,
2008-04-25,,,,,,,
2008-04-28,,,,,,,
2008-04-29,,,,,,,
2008-04-30,,,,,,,
2008-05-01,,,,,,,
2008-05-02,,,,,,,
2008-05-05,,,,,,,
2008-05-06,,,,,,,
2008-05-07,,,,,,,
2008-05-08,,,,,,,
2008-05-09,,,,,,,
2008-05-12,,,,,,,
2008-05-13,,,,,,,
2008-05-14,,,,,,,
2008-05-15,,,,,,,
2008-05-16,,,,,,,
2008-05-19,,,,,,,
2008-05-20,,,,,,,
2008-05-21,,,,,,,
2008-05-22,,,,,,,
2008-05-23,,,,,,,
2008-05-26,,,,,,,
2008-05-27,,,,,,,
2008-05-28,,,,,,,
2008-05-29,,,,,,,
2008-05-30,68.43078299999999,66.13444799999999,66.13444799999999,66.13444799999999,,4586222.175771393,286989795.0
2008-06-02,66.593715,65.675181,66.593715,65.675181,,679650.3994408482,286989795.0
2008-06-03,68.43078299999999,67.052982,67.971516,67.052982,,529218.297852883,286989795.0
2008-06-04,67.971516,67.971516,67.971516,67.971516,,64371.05213307293,286989795.0
2008-06-05,68.43078299999999,67.512249,67.971516,67.971516,,1007478.2207299892,286989795.0
2008-06-06,76.697589,67.971516,73.941987,67.971516,,596233.7812209455,286989795.0
2008-06-09,73.941987,73.48272,73.48272,73.941987,,58433.32963178282,286989795.0
2008-06-10,73.48272,70.72711799999999,70.72711799999999,73.48272,,462196.2823368542,286989795.0
2008-06-11,71.186385,70.72711799999999,70.72711799999999,70.72711799999999,,694750.5481560836,286989795.0
2008-06-12,70.72711799999999,70.267851,70.267851,70.72711799999999,,141016.0102946652,286989795.0
2008-06-13,70.72711799999999,70.267851,70.72711799999999,70.267851,,170875.547339565,286989795.0
2008-06-16,71.645652,70.72711799999999,71.186385,70.72711799999999,,222989.02381403407,286989795.0
2008-06-17,70.72711799999999,70.267851,70.267851,70.72711799999999,,24618.576993339386,286989795.0
2008-06-18,69.808584,69.349317,69.349317,69.808584,,54920.12271728646,286989795.0
2008-06-19,69.349317,69.349317,69.349317,69.349317,,175633.12844162548,286989795.0
2008-06-20,69.349317,69.349317,69.349317,69.349317,,13426.830144556436,286989795.0
2008-06-23,69.808584,68.43078299999999,68.43078299999999,69.349317,,91024.39321788852,286989795.0
2008-06-24,68.43078299999999,67.512249,67.512249,68.43078299999999,,16735.3630894447,286989795.0
2008-06-25,67.512249,64.756647,64.756647,67.512249,,140707.91064892535,286989795.0
2008-06-26,64.29738,64.29738,64.29738,64.29738,,21721.56937032271,286989795.0
2008-06-27,64.29738,64.29738,64.29738,64.29738,,9462.905020391188,286989795.0
2008-06-30,65.675181,64.29738,64.29738,64.29738,,447774.3883187776,286989795.0
2008-07-01,64.29738,64.29738,64.29738,64.29738,,427765.3304069311,286989795.0
2008-07-02,64.29738,64.29738,64.29738,64.29738,,18268.240478849995,286989795.0
2008-07-03,64.29738,63.838113,63.838113,64.29738,,52748.18351851973,286989795.0
2008-07-04,63.838113,62.919579,62.919579,63.838113,,75608.52401761938,286989795.0
2008-07-07,63.838113,62.919579,62.919579,62.919579,,733859.6067211449,286989795.0
2008-07-08,62.919579,62.919579,62.919579,62.919579,,874232.2004411378,286989795.0
2008-07-09,62.919579,62.001045,62.001045,62.919579,,96424.30220329353,286989795.0
2008-07-10,62.460312,61.541778,62.460312,62.001045,,43750.14969505756,286989795.0
2008-07-11,62.919579,62.460312,62.919579,62.460312,,315671.4939240137,286989795.0
2008-07-14,62.919579,62.919579,62.919579,62.919579,,28216.70183139656,286989795.0
2008-07-15,62.919579,61.541778,61.541778,62.919579,,65890.86522654578,286989795.0
2008-07-16,62.001045,60.163977,60.163977,61.541778,,85948.91424813888,286989795.0
2008-07-17,61.082511,56.489841,56.489841,61.082511,,25105.22201682246,286989795.0
2008-07-18,56.489841,49.600836,51.437904,56.489841,,290297.3651492487,286989795.0
2008-07-21,52.356438,50.51937,50.51937,52.356438,,131046.86380689227,286989795.0
2008-07-22,54.652773,50.51937,54.652773,50.51937,,461998.1405152123,286989795.0
2008-07-23,55.571307,55.571307,55.571307,55.571307,,135486.54704126358,286989795.0
2008-07-24,55.571307,55.571307,55.571307,55.571307,,144682.72268636763,286989795.0
2008-07-25,55.571307,54.652773,54.652773,55.571307,,18327.029810545937,286989795.0
2008-07-28,54.652773,54.652773,54.652773,54.652773,,15522.560950383982,286989795.0
2008-07-29,54.652773,52.815705,52.815705,54.652773,,59367.42679095167,286989795.0
2008-07-30,52.815705,52.815705,52.815705,52.815705,,91469.66797091888,286989795.0
2008-07-31,52.356438,51.437904,52.356438,52.356438,,78543.63583710566,286989795.0
2008-08-01,52.356438,52.356438,52.356438,52.356438,,10489.540942414762,286989795.0
2008-08-04,52.356438,52.356438,52.356438,52.356438,,33104.92589278133,286989795.0
2008-08-05,52.356438,52.356438,52.356438,52.356438,,7620.839293918353,286989795.0
2008-08-06,52.356438,52.356438,52.356438,52.356438,,14012.546078860443,286989795.0
2008-08-07,54.193506,50.51937,51.897171,52.356438,,92667.22843139176,286989795.0
2008-08-08,51.897171,51.897171,51.897171,51.897171,,59333.67735979289,286989795.0
2008-08-11,51.897171,51.897171,51.897171,51.897171,,158312.04941787675,286989795.0
2008-08-12,52.356438,51.897171,51.897171,52.356438,,29760.46613407887,286989795.0
2008-08-13,51.897171,50.060103,50.060103,51.897171,,151038.50265749553,286989795.0
2008-08-14,50.060103,44.548899,44.548899,50.060103,,128545.05113583169,286989795.0
2008-08-15,46.385967,44.548899,46.385967,44.548899,,942752.2552240854,286989795.0
2008-08-18,46.845234,46.385967,46.385967,46.385967,,2635.7217043680475,286989795.0
2008-08-19,47.304501,46.845234,47.304501,46.845234,,1304997.964147217,286989795.0
2008-08-20,46.385967,45.9267,45.9267,46.385967,,7019.881681026505,286989795.0
2008-08-21,45.9267,45.467433,45.467433,45.9267,,53618.04788935412,286989795.0
2008-08-22,45.467433,45.467433,45.467433,45.467433,,73259.12813243712,286989795.0
2008-08-25,,,,,,,
2008-08-26,45.467433,45.467433,45.467433,45.467433,,129640.2746115005,286989795.0
2008-08-27,45.467433,45.467433,45.467433,45.467433,,28046.865984274944,286989795.0
2008-08-28,45.467433,45.008166,45.467433,45.467433,,329801.61866626603,286989795.0
2008-08-29,48.223035,45.467433,48.223035,45.467433,,527829.1277187344,286989795.0
2008-09-01,49.141569,48.223035,49.141569,48.223035,,30523.63875479841,286989795.0
2008-09-02,49.600836,49.141569,49.600836,49.600836,,319670.2571706654,286989795.0
2008-09-03,50.51937,50.060103,50.51937,50.060103,,440599.91246921726,286989795.0
2008-09-04,50.51937,50.060103,50.51937,50.51937,,548156.0834982701,286989795.0
2008-09-05,50.51937,50.51937,50.51937,50.51937,,218224.91056400744,286989795.0
2008-09-08,,,50.51937,,,,286989795.0
2008-09-09,51.897171,50.51937,51.437904,50.978637,,248395.8133286302,286989795.0
2008-09-10,51.437904,51.437904,51.437904,51.437904,,2830.597452026817,286989795.0
2008-09-11,51.437904,50.51937,50.51937,51.437904,,185624.0487559524,286989795.0
2008-09-12,50.51937,50.060103,50.060103,50.51937,,46437.03989182763,286989795.0
2008-09-15,50.060103,49.600836,49.600836,50.060103,,34371.07390689947,286989795.0
2008-09-16,48.34244442,45.71543718,47.304501,47.763768,,69342.0167353631,286989795.0
2008-09-17,48.682302,48.223035,47.304501,48.34244442,,45579.15112559797,286989795.0
2008-09-18,48.682302,45.008166,46.845234,48.682302,,42350.09264763199,286989795.0
2008-09-19,,,,,,,
2008-09-22,49.26097842,47.9934015,48.682302,49.26097842,,9148.27322668513,286989795.0
2008-09-23,48.223035,48.223035,48.223035,48.223035,,111481.99195674848,286989795.0
2008-09-24,49.26097842,49.26097842,48.223035,49.26097842,,3234.5019346044896,286989795.0
2008-09-25,48.682302,46.845234,47.763768,46.845234,,26890.67579425476,286989795.0
2008-09-26,47.01057012,47.01057012,47.5341345,47.01057012,,2905.717153638297,286989795.0
2008-09-29,47.01057012,46.845234,47.5341345,47.01057012,,9919.066686698588,286989795.0
2008-09-30,48.04851354,46.845234,47.5341345,47.01057012,,717131.864470994,286989795.0
2008-10-01,47.5341345,46.845234,47.5341345,47.5341345,,27217.283192565545,286989795.0
2008-10-02,46.845234,46.845234,47.5341345,46.845234,,27217.283192565545,286989795.0
2008-10-03,47.01057012,45.9267,46.845234,47.01057012,,58244.986032090266,286989795.0
2008-10-06,47.304501,45.008166,46.385967,45.9267,,12366.44479137408,286989795.0
2008-10-07,46.91871672,41.33403,42.711831,45.34802358,,78551.25667639957,286989795.0
2008-10-08,40.415496,33.067224,40.415496,40.415496,,1065663.328739056,286989795.0
2008-10-09,39.956229,39.956229,39.956229,39.956229,,95028.59992117876,286989795.0
2008-10-10,37.200627,35.822826,36.74136,37.200627,,55095.40202104658,286989795.0
2008-10-13,37.659894,35.822826,36.74136,36.5117265,,265888.9055821559,286989795.0
2008-10-14,37.659894,36.66787728,36.74136,36.74136,,394690.8878713254,286989795.0
2008-10-15,37.659894,37.12714428,37.200627,37.659894,,354336.3664273723,286989795.0
2008-10-16,36.74136,35.822826,36.282093,35.822826,,425678.3091317251,286989795.0
2008-10-17,35.822826,33.985758,35.363558999999995,35.822826,,13532.43320334359,286989795.0
2008-10-20,33.985758,33.88471926,35.363558999999995,33.985758,,72911.83559889998,286989795.0
2008-10-21,33.985758,28.933821,30.311622,33.985758,,126932.69927950409,286989795.0
2008-10-22,30.0819885,30.0819885,30.0819885,30.0819885,,327072.2695077156,286989795.0
2008-10-23,29.393088,29.393088,29.393088,29.393088,,390973.00698722096,286989795.0
2008-10-24,28.474554,25.0300515,25.0300515,28.474554,,69144.96360504892,286989795.0
2008-10-27,24.341151,24.341151,24.341151,24.341151,,112192.9073937383,286989795.0
2008-10-28,24.341151,23.881884,24.341151,23.881884,,13264.615136728744,286989795.0
2008-10-29,23.881884,23.881884,24.341151,23.881884,2.0,17827.32049113043,286989795.0
2008-10-30,24.800418,23.881884,24.341151,24.341151,6.0,63797.31180337364,286989795.0
2008-10-31,,,,,,,
2008-11-03,25.718952,24.341151,24.341151,24.800418,5.0,148578.0602568876,286989795.0
2008-11-04,25.718952,23.881884,23.422617,25.718952,9.0,125273.53369608527,286989795.0
2008-11-05,22.96335,22.7337165,22.7337165,22.96335,7.0,261993.568011636,286989795.0
2008-11-06,22.96335,22.044816,23.422617,22.044816,4.0,35926.81381418652,286989795.0
2008-11-07,23.881884,22.044816,23.422617,23.881884,6.0,41163.419100436135,286989795.0
2008-11-10,27.55602,22.96335,27.55602,22.96335,14.0,156168.41619363028,286989795.0
2008-11-11,27.55602,27.55602,27.55602,27.55602,8.0,66529.92703590723,286989795.0
2008-11-12,28.474554,26.637486,27.55602,28.474554,6.0,21731.36759227204,286989795.0
2008-11-13,27.6938001,26.637486,27.3263865,26.637486,4.0,97297.43264811102,286989795.0
2008-11-14,,,,,,,
2008-11-17,27.3263865,26.7293394,27.3263865,27.3263865,1.0,1213.8908303884234,286989795.0
2008-11-18,26.7293394,26.637486,26.637486,26.637486,3.0,36362.29034526757,286989795.0
2008-11-19,26.637486,25.8108054,26.637486,26.637486,3.0,19193.628107397224,286989795.0
2008-11-20,25.8108054,23.5144704,24.1115175,25.8108054,8.0,228232.16124825,286989795.0
2008-11-21,,,,,,,
2008-11-24,,,,,,,
2008-11-25,,,,,,,
2008-11-26,,,,,,,
2008-11-27,25.1219049,23.422617,25.0300515,24.800418,3.0,30797.98896937947,286989795.0
2008-11-28,23.881884,22.96335,22.7337165,23.881884,6.0,41370.27045269963,286989795.0
2008-12-01,23.881884,23.422617,23.881884,23.881884,10.0,41347.40793481787,286989795.0
2008-12-02,24.2492976,23.1929835,23.422617,23.881884,4.0,42970.646704422485,286989795.0
2008-12-03,23.881884,23.6522505,23.422617,23.6522505,3.0,167633.4245656666,286989795.0
2008-12-04,23.422617,22.504083,22.96335,22.96335,41.0,809892.7203565682,286989795.0
2008-12-05,22.504083,21.8151825,22.504083,22.504083,18.0,458727.7117667936,286989795.0
2008-12-08,22.96335,22.044816,22.504083,22.2744495,7.0,35110.29531840955,286989795.0
2008-12-09,22.044816,22.044816,22.504083,22.044816,2.0,19467.978321978284,286989795.0
2008-12-10,22.7337165,20.207748,21.3559155,22.7337165,10.0,135950.3295468649,286989795.0
2008-12-11,22.1366694,22.1366694,21.585549,22.1366694,1.0,16330.369915539328,286989795.0
2008-12-12,20.667015,19.748481,19.748481,20.667015,12.0,676153.5228962674,286989795.0
2008-12-15,20.667015,20.667015,19.9781145,20.667015,2.0,678.2546971587334,286989795.0
2008-12-16,19.289214,19.289214,19.9781145,19.289214,1.0,13004.417909407815,286989795.0
2008-12-17,20.207748,20.207748,19.748481,20.207748,2.0,18556.74368069119,286989795.0
2008-12-18,19.748481,18.37068,19.289214,19.748481,5.0,611563.6438063262,286989795.0
2008-12-19,18.4625334,18.4625334,19.0595805,18.4625334,1.0,2226.373765151862,286989795.0
2008-12-22,18.4625334,18.37068,19.0595805,18.4625334,2.0,16217.146017458255,286989795.0
2008-12-23,19.748481,18.21452922,19.0595805,19.748481,4.0,21292.62498720788,286989795.0
2008-12-24,19.748481,18.4625334,19.0595805,19.748481,2.0,1850.7752570944567,286989795.0
2008-12-25,,,,,,,
2008-12-26,,,,,,,
2008-12-29,19.289214,18.9218004,18.829947,18.9218004,2.0,5441.279255857704,286989795.0
2008-12-30,,,,,,,
2008-12-31,19.748481,19.289214,18.829947,19.748481,3.0,3745.0981672970192,286989795.0
2009-01-01,,,,,,,
2009-01-02,19.0595805,19.0595805,19.0595805,19.0595805,2.0,15559.576455525872,286989795.0
2009-01-05,19.748481,18.37068,19.0595805,18.37068,7.0,233505.78203964143,286989795.0
2009-01-06,21.3559155,20.207748,21.3559155,20.207748,10.0,986876.9147358726,286989795.0
2009-01-07,23.422617,22.044816,23.422617,22.044816,15.0,144024.06443310753,286989795.0
2009-01-08,23.7900306,22.96335,23.422617,22.96335,11.0,118667.35471958578,286989795.0
2009-01-09,23.7900306,23.422617,23.422617,23.7900306,3.0,11274.487389688353,286989795.0
2009-01-12,28.474554,24.1115175,28.2449205,24.1115175,61.0,339921.0045572619,286989795.0
2009-01-13,32.14869,29.393088,29.393088,29.393088,36.0,266357.04285306804,286989795.0
2009-01-14,28.474554,27.3263865,27.3263865,28.474554,13.0,67492.33016959633,286989795.0
2009-01-15,28.474554,25.9485855,27.3263865,28.474554,7.0,27437.19884076148,286989795.0
2009-01-16,28.474554,25.9485855,27.3263865,28.2449205,13.0,106109.30025453604,286989795.0
2009-01-19,28.015287,25.4893185,26.8671195,28.015287,4.0,17380.957046772357,286989795.0
2009-01-20,28.015287,25.4893185,26.8671195,25.4893185,4.0,6771.660058310308,286989795.0
2009-01-21,27.55602,25.259685,26.4078525,25.259685,5.0,616037.0764718562,286989795.0
2009-01-22,27.55602,24.8922714,26.178219,27.55602,4.0,59878.0230236442,286989795.0
2009-01-23,24.8922714,22.96335,24.1115175,24.8922714,6.0,40419.84292361525,286989795.0
2009-01-26,24.800418,24.7085646,23.881884,24.7085646,4.0,6808.675563452197,286989795.0
2009-01-27,24.800418,23.422617,23.881884,23.422617,2.0,27014.78660561286,286989795.0
2009-01-28,25.1678316,25.1678316,24.1115175,25.1678316,1.0,1088.6913277026215,286989795.0
2009-01-29,25.259685,25.1678316,24.1115175,25.1678316,3.0,5527.285870746211,286989795.0
2009-01-30,27.55602,25.259685,27.096753,25.259685,11.0,91603.5770042263,286989795.0
2009-02-02,33.067224,28.474554,31.689423,28.474554,13.0,93927.9329888714,286989795.0
2009-02-03,33.985758,30.311622,30.311622,32.14869,24.0,224660.16500205765,286989795.0
2009-02-04,32.14869,29.393088,30.5412555,32.14869,5.0,63387.96386415746,286989795.0
2009-02-05,33.067224,30.311622,30.770889,33.067224,17.0,933380.8002752212,286989795.0
2009-02-06,31.689423,31.0005225,31.0005225,31.0005225,10.0,44187.80360879401,286989795.0
2009-02-09,33.985758,31.689423,32.607957,31.689423,18.0,139411.27927763155,286989795.0
2009-02-10,33.985758,32.14869,32.607957,33.985758,5.0,9499.920525533078,286989795.0
2009-02-11,33.985758,30.0819885,31.0005225,33.985758,13.0,83855.36082496674,286989795.0
2009-02-12,29.393088,27.55602,27.55602,29.393088,19.0,640087.3565921349,286989795.0
2009-02-13,28.474554,27.55602,27.096753,28.474554,7.0,62650.919835302775,286989795.0
2009-02-16,28.474554,26.637486,27.55602,28.474554,3.0,10106.32159506344,286989795.0
2009-02-17,27.55602,25.718952,26.178219,26.637486,6.0,57797.53389640449,286989795.0
2009-02-18,27.3263865,25.718952,25.718952,27.3263865,3.0,49196.872407553776,286989795.0
2009-02-19,26.178219,23.881884,25.259685,24.800418,8.0,147536.1826562762,286989795.0
2009-02-20,25.718952,24.341151,25.0300515,25.718952,4.0,10430.75161071882,286989795.0
2009-02-23,26.4997059,24.341151,25.0300515,26.4997059,4.0,21944.75109250175,286989795.0
2009-02-24,25.5811719,23.422617,24.1115175,25.5811719,4.0,20829.931172934263,286989795.0
2009-02-25,25.5811719,24.5707845,24.5707845,24.800418,4.0,22343.212118440908,286989795.0
2009-02-26,25.5811719,22.96335,23.881884,25.5811719,9.0,60885.06250176913,286989795.0
2009-02-27,24.1574442,22.044816,23.422617,22.96335,9.0,61827.8691915596,286989795.0
2009-03-02,24.1574442,22.044816,23.881884,22.044816,6.0,49303.56415766863,286989795.0
2009-03-03,23.881884,22.96335,24.1115175,22.96335,5.0,101429.01623674246,286989795.0
2009-03-04,24.5707845,23.881884,24.5707845,23.881884,5.0,87257.52122403744,286989795.0
2009-03-05,,,24.800418,,,,286989795.0
2009-03-06,25.718952,23.67980652,24.800418,25.718952,2.0,30483.357175673413,286989795.0
2009-03-09,25.718952,25.718952,25.0300515,25.718952,2.0,2750.034293776823,286989795.0
2009-03-10,26.178219,23.881884,25.0300515,26.178219,2.0,5618.735942273232,286989795.0
2009-03-11,26.178219,23.64306516,24.5707845,23.881884,10.0,347351.3228688323,286989795.0
2009-03-12,23.881884,23.881884,24.341151,23.881884,2.0,21773.82655405244,286989795.0
2009-03-13,24.800418,22.044816,24.341151,24.800418,8.0,41200.43460557802,286989795.0
2009-03-16,23.881884,23.881884,24.341151,23.881884,1.0,16511.09267593796,286989795.0
2009-03-17,27.55602,24.800418,26.4078525,24.800418,10.0,662422.9478712819,286989795.0
2009-03-18,31.230156,28.015287,29.852355,28.015287,17.0,437337.1045600925,286989795.0
2009-03-19,30.311622,29.44820004,30.311622,29.44820004,7.0,683208.2426997804,286989795.0
2009-03-20,32.14869,31.230156,31.689423,31.230156,7.0,250882.384321103,286989795.0
2009-03-23,30.311622,29.393088,30.770889,30.311622,4.0,24127.577204545505,286989795.0
2009-03-24,30.311622,28.015287,29.1634545,29.393088,7.0,320071.98427058774,286989795.0
2009-03-25,,,,,,,
2009-03-26,30.311622,30.311622,29.1634545,30.311622,1.0,1469.7332923985396,286989795.0
2009-03-27,30.311622,29.393088,29.6227215,29.393088,3.0,2630.2782477295345,286989795.0
2009-03-29,,,,,,,
2009-03-30,30.311622,25.718952,25.718952,30.311622,11.0,115817.16082366032,286989795.0
2009-03-31,26.637486,25.718952,26.637486,25.718952,5.0,166932.3073506261,286989795.0
2009-04-01,27.3263865,25.0300515,26.178219,25.0300515,5.0,521663.86872995447,286989795.0
2009-04-02,27.096753,27.096753,27.096753,27.096753,5.0,54580.45102304324,286989795.0
2009-04-03,28.474554,25.8108054,27.096753,27.55602,3.0,89852.9613492805,286989795.0
2009-04-06,25.8108054,25.8108054,26.637486,25.8108054,2.0,22221.27868973821,286989795.0
2009-04-07,27.55602,25.718952,26.637486,27.55602,3.0,23493.95885182258,286989795.0
2009-04-08,27.55602,27.096753,26.8671195,27.4641666,5.0,59475.20723239424,286989795.0
2009-04-09,28.3827006,25.8108054,27.096753,27.55602,6.0,33439.15413038603,286989795.0
2009-04-10,,,,,,,
2009-04-13,,,,,,,
2009-04-14,27.4641666,25.718952,26.637486,25.718952,3.0,10367.607513712068,286989795.0
2009-04-15,30.2197686,25.718952,29.393088,27.4641666,10.0,449671.9773029632,286989795.0
2009-04-16,,,,,,,
2009-04-17,31.1383026,28.5664074,30.0819885,28.5664074,6.0,53459.09895550954,286989795.0
2009-04-20,29.3012346,27.0048996,28.015287,29.3012346,10.0,88210.12613577723,286989795.0
2009-04-21,31.230156,29.393088,29.852355,29.852355,10.0,243085.1770320968,286989795.0
2009-04-22,31.0005225,28.474554,29.393088,31.0005225,18.0,189203.66584143863,286989795.0
2009-04-23,30.311622,28.474554,28.933821,29.3012346,12.0,341760.8929010793,286989795.0
2009-04-24,31.1383026,28.474554,29.852355,31.1383026,12.0,237045.11754600267,286989795.0
2009-04-27,31.1383026,28.474554,28.933821,31.1383026,3.0,7877.770447256172,286989795.0
2009-04-28,31.1383026,28.474554,28.933821,28.474554,4.0,210560.523616981,286989795.0
2009-04-29,31.1383026,31.1383026,29.852355,31.1383026,3.0,6207.71795056035,286989795.0
2009-04-30,30.2197686,27.55602,28.474554,27.55602,10.0,73454.0038800959,286989795.0
2009-05-01,30.770889,29.393088,28.933821,30.311622,11.0,160124.7204785016,286989795.0
2009-05-04,,,,,,,
2009-05-05,31.230156,28.474554,30.0819885,28.474554,15.0,932526.1775829748,286989795.0
2009-05-06,33.985758,30.770889,33.067224,32.14869,11.0,705774.6365404003,286989795.0
2009-05-07,33.985758,32.14869,33.526491,32.14869,13.0,297029.83231976174,286989795.0
2009-05-08,34.904292,33.067224,33.985758,33.067224,9.0,47583.43185989849,286989795.0
2009-05-11,35.34518832,32.14869,31.9190565,35.34518832,11.0,165020.5653791803,286989795.0
2009-05-12,33.067224,30.311622,31.0005225,33.067224,11.0,2084025.1966720885,286989795.0
2009-05-13,30.311622,30.311622,30.5412555,30.311622,4.0,45126.25553327368,286989795.0
2009-05-14,31.689423,29.393088,30.5412555,29.393088,2.0,1633.0369915539327,286989795.0
2009-05-15,29.393088,29.393088,30.311622,29.393088,2.0,30292.836193325453,286989795.0
2009-05-18,33.067224,30.9086691,32.14869,31.230156,17.0,550992.1244069354,286989795.0
2009-05-19,33.985758,31.9190565,33.067224,32.607957,18.0,147052.80370677623,286989795.0
2009-05-20,36.74136,33.985758,34.904292,33.985758,25.0,725267.6547629157,286989795.0
2009-05-21,36.74136,33.985758,35.822826,33.985758,10.0,131521.53322577063,286989795.0
2009-05-22,41.33403,36.74136,39.7265955,37.659894,37.0,899128.3937230413,286989795.0
2009-05-25,,,,,,,
2009-05-26,41.33403,38.578428,39.956229,41.33403,7.0,35780.92917627437,286989795.0
2009-05-27,40.874763,38.578428,39.2673285,40.874763,6.0,40189.04036214229,286989795.0
2009-05-28,40.415496,38.578428,39.956229,40.415496,5.0,106540.42202030629,286989795.0
2009-05-29,40.415496,38.578428,39.2673285,40.415496,5.0,28051.220749585755,286989795.0
2009-06-01,41.33403,39.496962,40.415496,41.33403,9.0,61986.81812540418,286989795.0
2009-06-02,39.956229,37.659894,38.578428,38.578428,6.0,57341.37223009709,286989795.0
2009-06-03,40.415496,37.659894,39.037695,39.496962,5.0,25743.1951348562,286989795.0
2009-06-04,40.415496,39.38214525,39.496962,39.38214525,5.0,109240.37651300876,286989795.0
2009-06-05,40.874763,38.578428,39.037695,40.874763,6.0,25662.6319766062,286989795.0
2009-06-08,41.33403,38.578428,39.496962,38.578428,6.0,21181.57847178221,286989795.0
2009-06-09,40.415496,38.578428,39.037695,38.578428,2.0,19868.61673057285,286989795.0
2009-06-10,39.037695,37.659894,38.578428,39.037695,6.0,23616.980971852976,286989795.0
2009-06-11,38.578428,36.74136,38.3487945,37.659894,11.0,228152.68678132765,286989795.0
2009-06-12,39.496962,36.74136,38.119161,39.496962,3.0,37562.02818839586,286989795.0
2009-06-15,37.659894,37.659894,38.119161,37.659894,2.0,11886.331915857225,286989795.0
2009-06-16,39.496962,39.496962,38.119161,39.496962,2.0,2303.670849418748,286989795.0
2009-06-17,37.659894,35.822826,38.119161,36.74136,14.0,123937.70943699418,286989795.0
2009-06-18,36.74136,36.74136,37.200627,36.74136,3.0,66971.93571495448,286989795.0
2009-06-19,38.578428,37.659894,38.119161,37.659894,3.0,14310.847502650964,286989795.0
2009-06-22,42.252564,38.578428,42.252564,38.578428,17.0,531987.9285905585,286989795.0
2009-06-23,44.7785325,40.415496,44.7785325,40.415496,25.0,488351.002793582,286989795.0
2009-06-24,48.9119355,45.008166,48.9119355,45.008166,24.0,1010449.2593632898,286989795.0
2009-06-25,56.949108,49.8304695,56.949108,50.51937,32.0,804612.5674172106,286989795.0
2009-06-26,57.408375,52.356438,54.193506,57.1787415,44.0,496942.9547518111,286989795.0
2009-06-29,51.6675375,50.51937,51.6675375,50.51937,10.0,80726.46194914941,286989795.0
2009-06-30,52.356438,50.51937,52.356438,50.51937,6.0,36852.20144273375,286989795.0
2009-07-01,55.11204,51.6675375,54.193506,53.274972,29.0,586413.7854450679,286989795.0
2009-07-02,56.030574,52.356438,55.11204,52.356438,23.0,559373.958938918,286989795.0
2009-07-03,56.030574,52.356438,54.4231395,52.356438,4.0,15780.580795049504,286989795.0
2009-07-06,52.356438,51.437904,53.0453385,52.356438,13.0,68093.28778248819,286989795.0
2009-07-07,53.274972,50.51937,53.734239,51.437904,16.0,467715.94736830646,286989795.0
2009-07-08,52.356438,51.897171,52.356438,51.897171,11.0,420148.84587832354,286989795.0
2009-07-09,54.193506,48.682302,52.5860715,51.437904,54.0,507117.8639005198,286989795.0
2009-07-10,53.274972,51.2082705,52.356438,51.437904,16.0,355004.8229025817,286989795.0
2009-07-13,57.867642,53.274972,56.2602075,53.274972,9.0,43790.43127418256,286989795.0
2009-07-14,57.867642,54.652773,54.652773,57.867642,7.0,42023.4852493212,286989795.0
2009-07-15,58.786176,54.2853594,56.489841,56.949108,16.0,82523.89133118643,286989795.0
2009-07-16,62.919579,54.193506,60.623244,54.193506,25.0,457484.4262705572,286989795.0
2009-07-17,61.541778,59.70471,59.70471,61.541778,11.0,70342.52406552181,286989795.0
2009-07-20,60.623244,59.0158095,59.4750765,60.623244,13.0,66190.255341664,286989795.0
2009-07-21,58.96069746,53.5046055,55.11204,58.786176,17.0,243497.7910452961,286989795.0
2009-07-22,56.949108,52.5860715,54.8824065,53.39438142,14.0,75379.89883880183,286989795.0
2009-07-23,58.786176,52.356438,56.7194745,52.5860715,24.0,172891.80367847026,286989795.0
2009-07-24,58.786176,58.786176,58.326909,58.786176,30.0,350660.9445050483,286989795.0
2009-07-27,59.70471,57.0868881,58.5565425,59.70471,18.0,276117.16060592205,286989795.0
2009-07-28,59.70471,57.0868881,58.5565425,59.70471,3.0,5618.735942273232,286989795.0
2009-07-29,59.70471,54.193506,56.030574,59.70471,4.0,42080.09719836174,286989795.0
2009-07-30,57.867642,53.5046055,54.652773,57.408375,15.0,219658.7170425918,286989795.0
2009-07-31,56.489841,54.652773,55.8009405,54.652773,10.0,425344.0808941205,286989795.0
2009-08-03,57.867642,54.193506,56.949108,57.867642,19.0,614350.6936052449,286989795.0
2009-08-04,58.96253452799999,56.949108,58.326909,57.867642,24.0,1217134.0418536495,286989795.0
2009-08-05,65.675181,59.70471,65.675181,59.70471,30.0,379221.67279599886,286989795.0
2009-08-06,68.89005,64.29738,67.512249,64.29738,38.0,375562.5812435904,286989795.0
2009-08-07,68.35730028,66.13444799999999,66.8233485,67.971516,19.0,102799.67861832006,286989795.0
2009-08-10,69.1196835,65.215914,69.349317,68.89005,27.0,263915.1082050311,286989795.0
2009-08-11,70.72711799999999,65.215914,69.808584,65.215914,11.0,20331.310544846463,286989795.0
2009-08-12,71.645652,67.052982,70.0382175,70.72711799999999,8.0,37904.96595662218,286989795.0
2009-08-13,72.56418599999999,67.31935686,69.1196835,71.645652,20.0,266931.87187409506,286989795.0
2009-08-14,72.56418599999999,67.052982,68.89005,72.56418599999999,6.0,57516.65153385721,286989795.0
2009-08-17,71.186385,67.971516,69.57895049999999,67.971516,3.0,4409.199877195619,286989795.0
2009-08-18,71.645652,66.13444799999999,67.512249,67.052982,8.0,13653.27794071858,286989795.0
2009-08-19,67.971516,62.460312,65.215914,65.20672866,9.0,114780.72667968742,286989795.0
2009-08-20,67.971516,63.378846,65.675181,67.971516,5.0,13571.626091140884,286989795.0
2009-08-21,62.919579,62.919579,65.215914,62.919579,1.0,1397.8796647701663,286989795.0
2009-08-24,64.29738,63.378846,65.675181,63.378846,3.0,32007.52503445708,286989795.0
2009-08-25,,,,,,,
2009-08-26,65.78999775,62.460312,65.9048145,62.460312,6.0,100378.42910550944,286989795.0
2009-08-27,67.7418825,67.7418825,66.13444799999999,67.7418825,2.0,139.3524899459356,286989795.0
2009-08-28,66.13444799999999,64.29738,66.13444799999999,64.29738,3.0,56544.45017821877,286989795.0
2009-08-31,,,,,,,
2009-09-01,64.29738,64.29738,66.13444799999999,64.29738,2.0,9253.876285472286,286989795.0
2009-09-02,63.378846,63.378846,65.675181,63.378846,1.0,5699.299100523225,286989795.0
2009-09-03,67.971516,67.971516,65.9048145,67.971516,1.0,10201.037740573567,286989795.0
2009-09-04,66.13444799999999,63.838113,65.9048145,66.13444799999999,3.0,63440.22104788718,286989795.0
2009-09-07,,,,,,,
2009-09-08,66.593715,66.593715,65.675181,66.593715,1.0,544.3456638513109,286989795.0
2009-09-09,,,,,,,
2009-09-10,67.052982,66.13444799999999,66.13444799999999,66.13444799999999,15.0,1088753.3831083009,286989795.0
2009-09-11,71.645652,66.13444799999999,70.72711799999999,66.13444799999999,16.0,333757.92295113736,286989795.0
2009-09-14,,,70.9567515,,,,286989795.0
2009-09-15,72.3345525,70.72711799999999,70.9567515,70.72711799999999,3.0,5987.80230236442,286989795.0
2009-09-16,,,,,,,
2009-09-17,72.56418599999999,71.53542791999999,71.645652,71.645652,7.0,89163.81973884473,286989795.0
2009-09-18,,,71.186385,,,,286989795.0
2009-09-21,73.27604985,70.72711799999999,71.41601849999999,70.72711799999999,5.0,351031.09955646715,286989795.0
2009-09-22,71.645652,71.186385,72.56418599999999,71.186385,3.0,18678.677109393884,286989795.0
2009-09-23,73.48272,72.56418599999999,73.023453,72.56418599999999,4.0,21745.520579532167,286989795.0
2009-09-24,74.401254,74.401254,73.023453,74.401254,1.0,1999.925968989716,286989795.0
2009-09-25,74.401254,74.401254,73.023453,74.401254,1.0,655.3921792769784,286989795.0
2009-09-28,75.5494215,74.401254,73.71235349999999,74.401254,9.0,79860.95234362583,286989795.0
2009-09-29,77.15685599999999,73.48272,74.1716205,77.15685599999999,21.0,286218.038744347,286989795.0
2009-09-30,77.15685599999999,73.48272,74.86052099999999,73.48272,5.0,16480.60931876229,286989795.0
2009-10-01,76.238322,74.86052099999999,76.697589,76.238322,6.0,87589.57207898673,286989795.0
2009-10-02,80.830992,76.697589,79.45319099999999,76.697589,13.0,237710.30794722887,286989795.0
2009-10-05,82.66806,79.912458,79.912458,80.371725,21.0,160220.52531533944,286989795.0
2009-10-06,81.749526,76.238322,77.616123,81.749526,9.0,39230.99199376398,286989795.0
2009-10-07,78.534657,77.15685599999999,78.07539,78.534657,6.0,563381.4317161912,286989795.0
2009-10-08,,,,,,,
2009-10-09,81.749526,77.15685599999999,79.912458,77.15685599999999,6.0,36114.06872255137,286989795.0
2009-10-12,81.29025899999999,79.45319099999999,80.6013585,79.45319099999999,5.0,16244.36330065082,286989795.0
2009-10-13,81.749526,79.912458,80.371725,80.830992,6.0,289753.0194853974,286989795.0
2009-10-14,82.208793,79.912458,80.830992,81.749526,5.0,13238.48654486388,286989795.0
2009-10-15,79.912458,77.15685599999999,79.912458,78.07539,5.0,211259.46344936607,286989795.0
2009-10-16,,,79.912458,,,,286989795.0
2009-10-17,,,,,,,
2009-10-19,80.371725,78.07539,81.29025899999999,78.07539,6.0,107315.57024563054,286989795.0
2009-10-20,79.912458,79.912458,80.371725,79.912458,1.0,10886.91327702622,286989795.0
2009-10-21,81.9791595,80.830992,81.9791595,80.830992,4.0,18557.832372018893,286989795.0
2009-10-22,83.58659399999999,82.208793,82.43842649999999,82.208793,4.0,17743.49125889733,286989795.0
2009-10-23,87.26073,83.58659399999999,85.88292899999999,83.58659399999999,13.0,273392.1662126824,286989795.0
2009-10-26,87.26073,85.423662,86.342196,87.26073,10.0,100914.06523873912,286989795.0
2009-10-27,86.342196,86.342196,86.801463,86.342196,1.0,2301.4934667633424,286989795.0
2009-10-28,86.342196,83.58659399999999,84.505128,86.342196,8.0,61456.625448813,286989795.0
2009-10-29,83.58659399999999,77.15685599999999,80.830992,83.58659399999999,12.0,113202.12425451864,286989795.0
2009-10-30,81.749526,81.749526,81.29025899999999,81.749526,1.0,10886.91327702622,286989795.0
2009-11-02,80.6013585,78.99392399999999,81.29025899999999,78.99392399999999,10.0,143950.03342282376,286989795.0
2009-11-03,81.29025899999999,79.45319099999999,79.912458,79.45319099999999,6.0,42040.904310564445,286989795.0
2009-11-04,79.6828245,79.45319099999999,79.2235575,79.56800774999999,11.0,618632.5165970994,286989795.0
2009-11-05,79.45319099999999,78.99392399999999,80.371725,79.10874075,5.0,5927.924279340776,286989795.0
2009-11-06,80.830992,77.15685599999999,78.7642905,78.99392399999999,5.0,29904.173389335618,286989795.0
2009-11-09,76.238322,75.779055,77.616123,76.238322,6.0,31849.6647919402,286989795.0
2009-11-10,77.15685599999999,76.238322,76.4679555,76.238322,12.0,86916.76083846652,286989795.0
2009-11-11,78.07539,75.319788,78.07539,76.697589,11.0,80534.85227547375,286989795.0
2009-11-12,77.8457565,76.697589,77.3864895,77.8457565,4.0,9069.887451090544,286989795.0
2009-11-13,76.238322,76.238322,76.697589,76.238322,5.0,42229.247910257,286989795.0
2009-11-16,78.07539,75.319788,76.00868849999999,78.07539,3.0,25256.55011137312,286989795.0
2009-11-17,77.15685599999999,77.15685599999999,76.238322,77.15685599999999,1.0,11016.46754502283,286989795.0
2009-11-18,78.07539,74.401254,74.86052099999999,78.07539,5.0,47085.89992313839,286989795.0
2009-11-19,74.86052099999999,73.48272,75.319788,73.48272,6.0,19487.57476587693,286989795.0
2009-11-20,76.238322,72.56418599999999,73.71235349999999,74.86052099999999,55.0,480135.738034738,286989795.0
2009-11-23,75.319788,70.72711799999999,73.48272,71.645652,20.0,170968.08610241974,286989795.0
2009-11-24,73.48272,68.89005,74.401254,71.645652,13.0,120052.17008842352,286989795.0
2009-11-25,74.401254,71.186385,73.48272,74.401254,11.0,146585.7551271918,286989795.0
2009-11-26,75.319788,72.56418599999999,73.48272,75.319788,5.0,27868.32060653172,286989795.0
2009-11-27,73.023453,72.56418599999999,73.71235349999999,72.56418599999999,2.0,21773.82655405244,286989795.0
2009-11-30,73.48272,71.645652,73.71235349999999,72.104919,23.0,118993.96211789656,286989795.0
2009-12-01,,,,,,,
2009-12-02,72.104919,70.72711799999999,72.104919,70.72711799999999,1.0,707.6493630067042,286989795.0
2009-12-03,,,,,,,
2009-12-04,73.48272,73.48272,72.104919,73.48272,1.0,9454.195489769569,286989795.0
2009-12-07,73.3908666,72.56418599999999,72.56418599999999,73.3908666,2.0,209028.73491890336,286989795.0
2009-12-08,75.319788,71.645652,75.779055,71.645652,8.0,159819.88690674488,286989795.0
2009-12-09,77.15685599999999,75.319788,75.779055,75.779055,7.0,61788.6763037623,286989795.0
2009-12-10,76.697589,76.697589,78.07539,76.697589,2.0,23251.180685744894,286989795.0
2009-12-11,75.319788,75.319788,76.238322,75.319788,1.0,43547.65310810488,286989795.0
2009-12-14,77.15685599999999,75.319788,76.238322,75.319788,2.0,1925.894958705938,286989795.0
2009-12-15,75.319788,75.319788,75.5494215,75.319788,1.0,10886.91327702622,286989795.0
2009-12-16,74.401254,74.401254,75.319788,74.401254,3.0,30845.891387798383,286989795.0
2009-12-17,74.401254,73.941987,76.00868849999999,74.401254,10.0,80454.28911722376,286989795.0
2009-12-18,,,,,,,
2009-12-21,74.401254,73.941987,75.319788,73.941987,5.0,41805.74698378068,286989795.0
2009-12-22,73.941987,73.941987,74.401254,73.941987,4.0,35491.33728310547,286989795.0
2009-12-23,73.941987,73.941987,74.6308875,73.941987,1.0,4612.785155476009,286989795.0
2009-12-24,,,,,,,
2009-12-25,,,,,,,
2009-12-28,,,,,,,
2009-12-29,73.941987,73.941987,74.6308875,73.941987,1.0,2177.3826554052434,286989795.0
2009-12-30,80.371725,75.319788,80.371725,75.319788,2.0,12846.557666890938,286989795.0
2009-12-31,81.749526,81.749526,82.43842649999999,81.749526,1.0,10886.91327702622,286989795.0
2010-01-01,,,,,,,
2010-01-04,80.830992,79.912458,81.749526,80.830992,4.0,50841.88500371244,286989795.0
2010-01-05,80.830992,79.912458,78.7642905,79.912458,4.0,28414.84365303843,286989795.0
2010-01-06,,,,,,,
2010-01-07,78.99392399999999,78.99392399999999,78.07539,78.99392399999999,1.0,10886.91327702622,286989795.0
2010-01-08,76.238322,76.238322,76.238322,76.238322,1.0,10886.91327702622,286989795.0
2010-01-11,77.616123,77.15685599999999,78.07539,77.616123,3.0,16330.369915539328,286989795.0
2010-01-12,78.99392399999999,78.99392399999999,77.616123,78.99392399999999,1.0,3231.2358606213816,286989795.0
2010-01-13,77.15685599999999,76.238322,76.697589,76.238322,2.0,21773.82655405244,286989795.0
2010-01-14,78.99392399999999,78.07539,77.616123,78.99392399999999,3.0,28305.97452026817,286989795.0
2010-01-15,77.15685599999999,76.4679555,76.9272225,76.4679555,4.0,48075.52034002008,286989795.0
2010-01-18,76.238322,76.238322,77.616123,76.238322,1.0,10886.91327702622,286989795.0
2010-01-19,,,,,,,
2010-01-20,77.15685599999999,76.4679555,77.3864895,76.697589,10.0,107874.06889674198,286989795.0
2010-01-21,,,78.30502349999999,,,,286989795.0
2010-01-22,78.534657,78.534657,78.07539,78.534657,3.0,17963.40690709326,286989795.0
2010-01-25,78.99392399999999,76.238322,76.697589,76.238322,3.0,14044.11812736382,286989795.0
2010-01-26,76.238322,75.779055,75.5494215,76.238322,10.0,79909.94345337244,286989795.0
2010-01-27,76.4679555,76.4679555,76.4679555,76.4679555,1.0,10179.263914019512,286989795.0
2010-01-28,75.319788,75.319788,75.0901545,75.319788,2.0,21773.82655405244,286989795.0
2010-01-29,74.86052099999999,74.86052099999999,74.86052099999999,74.86052099999999,1.0,19596.4438986472,286989795.0
2010-02-01,73.48272,70.72711799999999,71.645652,73.48272,17.0,166771.18103412612,286989795.0
2010-02-02,,,71.8752855,,,,286989795.0
2010-02-03,72.56418599999999,72.56418599999999,72.56418599999999,72.56418599999999,1.0,10886.91327702622,286989795.0
2010-02-04,,,,,,,
2010-02-05,71.645652,71.645652,72.56418599999999,71.645652,2.0,16330.369915539328,286989795.0
2010-02-08,73.2530865,71.645652,73.2530865,73.2530865,2.0,32371.14793790976,286989795.0
2010-02-09,70.72711799999999,62.460312,65.675181,70.72711799999999,14.0,159765.45234035974,286989795.0
2010-02-10,67.512249,66.13444799999999,67.512249,67.052982,4.0,44818.15588753383,286989795.0
2010-02-11,,,68.89005,,,,286989795.0
2010-02-12,68.89005,66.13444799999999,67.512249,67.971516,7.0,109738.99714109658,286989795.0
2010-02-15,65.215914,65.215914,66.8233485,65.215914,1.0,157.86024251688016,286989795.0
2010-02-16,65.215914,65.215914,65.675181,65.215914,2.0,12290.236398434898,286989795.0
2010-02-17,,,,,,,
2010-02-18,,,,,,,
2010-02-19,63.378846,63.378846,63.838113,63.378846,3.0,21773.82655405244,286989795.0
2010-02-22,,,,,,,
2010-02-23,,,,,,,
2010-02-24,,,,,,,
2010-02-25,61.541778,60.8988042,61.082511,60.8988042,2.0,65321.47966215731,286989795.0
2010-02-26,59.70471,55.11204,55.11204,59.70471,9.0,99880.89716874932,286989795.0
2010-03-01,53.274972,48.682302,50.060103,53.274972,4.0,38104.19646959176,286989795.0
2010-03-02,53.274972,48.682302,52.356438,49.600836,6.0,54434.56638513109,286989795.0
2010-03-03,58.786176,57.867642,58.786176,58.786176,9.0,124517.98191465969,286989795.0
2010-03-04,60.623244,59.70471,59.70471,59.70471,3.0,32660.739831078656,286989795.0
2010-03-05,61.082511,61.082511,59.9343435,61.082511,1.0,10886.91327702622,286989795.0
2010-03-08,,,59.70471,,,,286989795.0
2010-03-09,60.072123600000005,59.70471,60.163977,60.072123600000005,2.0,13614.085052921286,286989795.0
2010-03-10,57.867642,55.11204,56.030574,57.867642,6.0,261285.91864862925,286989795.0
2010-03-11,,,,,,,
2010-03-12,,,,,,,
2010-03-15,63.378846,57.867642,61.541778,57.867642,16.0,156771.55118917755,286989795.0
2010-03-16,61.541778,61.541778,61.541778,61.541778,1.0,27217.283192565545,286989795.0
2010-03-17,,,,,,,
2010-03-18,63.378846,61.082511,61.082511,61.541778,3.0,2213004.6356476736,286989795.0
2010-03-19,,,,,,,
2010-03-22,61.541778,58.786176,61.082511,58.786176,2.0,33749.43115878128,286989795.0
2010-03-23,,,60.163977,,,,286989795.0
2010-03-24,61.541778,57.867642,60.163977,57.867642,2.0,14697.332923985396,286989795.0
2010-03-25,,,,,,,
2010-03-26,61.541778,61.541778,59.70471,61.541778,1.0,3266.0739831078654,286989795.0
2010-03-29,,,,,,,
2010-03-30,61.541778,60.163977,59.70471,61.541778,6.0,78487.02388806512,286989795.0
2010-03-31,58.786176,58.786176,58.786176,58.786176,1.0,27217.283192565545,286989795.0
2010-04-01,56.949108,56.949108,58.786176,56.949108,1.0,5361.804788935413,286989795.0
2010-04-02,,,,,,,
2010-04-05,,,,,,,
2010-04-06,56.489841,56.489841,58.786176,56.489841,2.0,27267.362993639865,286989795.0
2010-04-07,60.623244,57.867642,57.1787415,60.623244,4.0,43547.65310810488,286989795.0
2010-04-08,57.867642,57.867642,58.5565425,57.867642,4.0,33749.43115878128,286989795.0
2010-04-09,,,58.786176,,,,286989795.0
2010-04-12,62.460312,60.623244,62.001045,60.623244,7.0,3428206.2503946507,286989795.0
2010-04-13,66.8233485,64.29738,64.756647,64.29738,9.0,62253.54750069132,286989795.0
2010-04-14,,,65.675181,,,,286989795.0
2010-04-15,70.72711799999999,67.971516,70.4974845,67.971516,6.0,42159.57166528403,286989795.0
2010-04-16,70.4974845,67.971516,72.104919,68.2011495,8.0,42064.855519773904,286989795.0
2010-04-19,67.971516,67.971516,68.43078299999999,67.971516,3.0,34261.11608280151,286989795.0
2010-04-20,,,,,,,
2010-04-21,69.808584,66.13444799999999,68.89005,66.13444799999999,2.0,18126.710606248653,286989795.0
2010-04-22,73.48272,70.72711799999999,71.186385,70.72711799999999,5.0,32911.138836450256,286989795.0
2010-04-23,71.645652,71.645652,71.645652,71.645652,1.0,1550773.2974500672,286989795.0
2010-04-26,70.72711799999999,67.052982,67.052982,68.89005,7.0,45206.81869152367,286989795.0
2010-04-27,67.052982,65.215914,65.675181,65.215914,6.0,53917.43800447234,286989795.0
2010-04-28,67.052982,62.460312,65.675181,66.13444799999999,5.0,76698.30403664972,286989795.0
2010-04-29,67.052982,64.29738,65.675181,65.675181,3.0,2998.2559164930203,286989795.0
2010-04-30,67.052982,67.052982,69.349317,67.052982,3.0,16330.369915539328,286989795.0
2010-05-03,,,,,,,
2010-05-04,70.72711799999999,66.13444799999999,67.7418825,70.72711799999999,6.0,38104.19646959176,286989795.0
2010-05-05,67.971516,66.13444799999999,67.971516,66.593715,4.0,32660.739831078656,286989795.0
2010-05-06,68.89005,66.593715,67.28261549999999,68.89005,2.0,21773.82655405244,286989795.0
2010-05-07,66.13444799999999,66.13444799999999,67.512249,66.13444799999999,1.0,17686.879309856795,286989795.0
2010-05-10,66.13444799999999,66.13444799999999,67.512249,66.13444799999999,1.0,435.47653108104873,286989795.0
2010-05-11,66.13444799999999,65.4455475,67.052982,66.13444799999999,3.0,26128.591864862923,286989795.0
2010-05-12,,,67.052982,,,,286989795.0
2010-05-13,,,,,,,
2010-05-14,68.89005,67.052982,69.349317,67.052982,4.0,30793.634204068658,286989795.0
2010-05-17,69.808584,69.56976515999999,70.267851,69.573439296,2.0,15183.977947468467,286989795.0
2010-05-18,71.645652,68.89005,70.72711799999999,68.89005,4.0,21991.56481959296,286989795.0
2010-05-19,69.808584,68.89005,71.186385,69.808584,4.0,14205.24444386381,286989795.0
2010-05-20,68.89005,68.89005,68.43078299999999,68.89005,2.0,21773.82655405244,286989795.0
2010-05-21,67.28261549999999,66.13444799999999,67.512249,67.28261549999999,6.0,29948.809733771424,286989795.0
2010-05-24,66.13444799999999,64.29738,65.215914,65.675181,11.0,75130.58852475793,286989795.0
2010-05-25,64.29738,63.378846,63.838113,64.29738,10.0,67015.48336806259,286989795.0
2010-05-26,65.215914,63.378846,64.0677465,63.378846,7.0,81767.25085843311,286989795.0
2010-05-27,64.756647,61.541778,63.838113,61.541778,6.0,64232.788334454686,286989795.0
2010-05-28,65.215914,63.378846,63.378846,65.215914,3.0,23981.692566633355,286989795.0
2010-05-31,,,,,,,
2010-06-01,64.29738,64.29738,62.919579,64.29738,2.0,277616.28856416856,286989795.0
2010-06-02,,,,,,,
2010-06-03,,,,,,,
2010-06-04,60.623244,60.623244,62.919579,60.623244,1.0,23829.275780754982,286989795.0
2010-06-07,,,,,,,
2010-06-08,64.29738,62.460312,63.1492125,64.29738,2.0,16330.369915539328,286989795.0
2010-06-09,61.541778,61.541778,63.6084795,61.541778,1.0,5443.456638513109,286989795.0
2010-06-10,61.541778,60.623244,63.1492125,60.623244,3.0,389039.4911892211,286989795.0
2010-06-11,65.215914,65.215914,63.378846,65.215914,1.0,5574.099597837424,286989795.0
2010-06-14,61.541778,60.623244,61.541778,61.541778,8.0,213611.0367172037,286989795.0
2010-06-15,60.623244,60.623244,62.460312,60.623244,2.0,130642.95932431462,286989795.0
2010-06-16,60.623244,60.623244,61.541778,60.623244,2.0,65321.47966215731,286989795.0
2010-06-17,60.623244,59.70471,60.163977,59.70471,11.0,125199.5026858015,286989795.0
2010-06-18,61.082511,59.0158095,62.2306785,59.0158095,13.0,37791.74205854111,286989795.0
2010-06-21,60.8528775,60.623244,61.082511,60.623244,4.0,44309.73703749671,286989795.0
2010-06-22,,,60.8528775,,,,286989795.0
2010-06-23,61.102718748,60.8528775,60.8528775,60.8528775,1.0,1088.6913277026215,286989795.0
2010-06-24,60.623244,59.0158095,60.8528775,59.0158095,3.0,33520.80597996373,286989795.0
2010-06-25,60.623244,58.903748352,60.623244,60.623244,2.0,10445.993289306656,286989795.0
2010-06-28,62.214144888,58.786176,60.623244,62.214144888,3.0,15974.36785138057,286989795.0
2010-06-29,58.903748352,57.867642,59.70471,58.786176,13.0,248032.1904251775,286989795.0
2010-06-30,58.786176,58.786176,59.245443,58.786176,1.0,10503.693929674895,286989795.0
2010-07-01,58.326909,57.867642,59.70471,57.867642,4.0,20438.00229496132,286989795.0
2010-07-02,61.541778,57.867642,59.70471,57.867642,4.0,453933.11515959125,286989795.0
2010-07-05,58.326909,56.949108,58.326909,58.326909,11.0,113159.6652927382,286989795.0
2010-07-06,60.501997512,56.030574,57.867642,59.70471,7.0,69932.08743497792,286989795.0
2010-07-07,59.58530058,56.489841,57.867642,59.58530058,4.0,2507789.5864497125,286989795.0
2010-07-08,56.949108,55.11204,57.1787415,56.2602075,12.0,567007.8625287687,286989795.0
2010-07-09,61.42236858,56.489841,60.3936105,56.489841,9.0,620822.963548437,286989795.0
2010-07-12,63.378846,61.541778,62.919579,61.541778,5.0,39505.34220834504,286989795.0
2010-07-13,69.808584,60.623244,68.6604165,60.623244,13.0,1340567.6872059172,286989795.0
2010-07-14,70.267851,69.808584,70.267851,69.808584,10.0,85010.46232365923,286989795.0
2010-07-15,71.502360696,68.89005,70.267851,68.89005,3.0,14891.119980316462,286989795.0
2010-07-16,70.729873602,68.89005,70.72711799999999,68.89005,9.0,84431.27853732143,286989795.0
2010-07-19,75.779055,71.41601849999999,74.401254,71.41601849999999,18.0,501802.8728386756,286989795.0
2010-07-20,73.71235349999999,73.71235349999999,73.71235349999999,73.71235349999999,1.0,131.73165065201724,286989795.0
2010-07-21,75.779055,73.48272,75.319788,73.48272,12.0,372910.52916930674,286989795.0
2010-07-22,76.238322,72.56418599999999,75.5494215,75.99399195599999,9.0,163109.9120990622,286989795.0
2010-07-23,,,75.779055,,,,286989795.0
2010-07-26,74.401254,73.48272,74.86052099999999,73.48272,2.0,131949.38891755778,286989795.0
2010-07-27,74.86052099999999,73.022534466,74.86052099999999,74.86052099999999,1.0,7620.839293918353,286989795.0
2010-07-28,76.238322,76.238322,75.5494215,76.238322,1.0,28755.604038609352,286989795.0
2010-07-29,74.1716205,74.1716205,74.1716205,74.1716205,3.0,6608.356359154915,286989795.0
2010-07-30,73.022534466,68.00825736,68.6604165,73.022534466,11.0,52803.70677623256,286989795.0
2010-08-02,67.971516,65.4455475,65.675181,67.971516,15.0,80711.22027056158,286989795.0
2010-08-03,69.808584,65.215914,67.971516,66.13444799999999,7.0,1463621.379284817,286989795.0
2010-08-04,71.186385,67.052982,71.41601849999999,69.57895049999999,9.0,26201.534183819,286989795.0
2010-08-05,,,69.808584,,,,286989795.0
2010-08-06,69.808584,69.808584,69.808584,69.808584,3.0,698710.1185149379,286989795.0
2010-08-09,68.00550175800001,67.971516,70.267851,67.971516,2.0,902.5251106654734,286989795.0
2010-08-10,71.645652,67.052982,69.349317,71.645652,3.0,1391.3475168039506,286989795.0
2010-08-11,73.48272,64.61886689999999,65.9048145,73.48272,15.0,191137.1816394385,286989795.0
2010-08-12,64.29738,60.623244,62.460312,64.29738,10.0,60122.97857237729,286989795.0
2010-08-13,65.215914,59.9343435,64.29738,62.919579,22.0,997335.9723211116,286989795.0
2010-08-16,66.13444799999999,63.378846,66.13444799999999,66.13444799999999,12.0,44293.40666758117,286989795.0
2010-08-17,66.13444799999999,63.378846,64.29738,63.378846,2.0,16360.853272715,286989795.0
2010-08-18,67.052982,64.29738,64.756647,67.052982,5.0,24549.989439694124,286989795.0
2010-08-19,64.29738,62.460312,64.29738,62.460312,6.0,59878.0230236442,286989795.0
2010-08-20,62.802006648,62.80016958,64.756647,62.802006648,1.0,271.08414059795285,286989795.0
2010-08-23,66.13444799999999,63.489070080000005,65.4455475,66.13444799999999,3.0,12269.551263208548,286989795.0
2010-08-24,65.4455475,65.4455475,65.4455475,65.4455475,1.0,133.90903330742248,286989795.0
2010-08-25,65.4455475,65.4455475,65.4455475,65.4455475,1.0,577.0064036823895,286989795.0
2010-08-26,65.215914,63.489070080000005,64.756647,65.215914,6.0,30441.98690522071,286989795.0
2010-08-27,65.675181,63.489070080000005,64.5270135,65.675181,2.0,3907.3131751247097,286989795.0
2010-08-30,,,,,,,
2010-08-31,,,,,,,
2010-09-01,65.104771386,63.378846,64.756647,64.29738,3.0,26454.11057184601,286989795.0
2010-09-02,,,63.838113,,,,286989795.0
2010-09-03,64.32952868999999,64.29738,65.215914,64.29738,6.0,361824.385379311,286989795.0
2010-09-06,64.5270135,64.29738,67.052982,64.5270135,4.0,14997.811730431318,286989795.0
2010-09-07,66.593715,64.29738,65.215914,64.32952868999999,6.0,64117.38705371821,286989795.0
2010-09-08,,,,,,,
2010-09-09,67.512249,65.4914742,67.052982,67.512249,2.0,12442.653184313263,286989795.0
2010-09-10,67.052982,66.13444799999999,67.052982,66.13444799999999,3.0,38104.19646959176,286989795.0
2010-09-13,67.7418825,64.98628049999999,66.13444799999999,67.7418825,11.0,53037.77541168863,286989795.0
2010-09-14,65.675181,65.215914,65.675181,65.215914,6.0,860685.614250534,286989795.0
2010-09-15,67.971516,67.052982,67.052982,67.971516,7.0,33031.98357382525,286989795.0
2010-09-16,69.808584,68.89005,69.808584,68.89005,3.0,11975.60460472884,286989795.0
2010-09-17,70.784985642,70.78223004,70.267851,70.784985642,1.0,13608.641596282772,286989795.0
2010-09-20,68.00642029199999,67.57654638,68.43078299999999,68.00642029199999,2.0,24495.554873309,286989795.0
2010-09-21,67.086967758,67.052982,68.2011495,67.052982,4.0,13754.526234194924,286989795.0
2010-09-22,67.086967758,66.13444799999999,65.675181,67.086967758,9.0,49525.65718851997,286989795.0
2010-09-23,68.89005,66.13444799999999,67.971516,67.052982,4.0,81949.06231015945,286989795.0
2010-09-24,67.971516,66.2263014,67.7418825,67.971516,2.0,6908.835165600838,286989795.0
2010-09-27,66.3640815,63.378846,66.3640815,66.3640815,6.0,74248.74854931881,286989795.0
2010-09-28,63.378846,63.378846,65.215914,63.378846,1.0,4354.765310810487,286989795.0
2010-09-29,67.7418825,65.675181,67.28261549999999,67.7418825,9.0,44264.0120017332,286989795.0
2010-09-30,,,,,,,
2010-10-01,67.937530242,64.29738,66.593715,64.29738,2.0,1453.402922483,286989795.0
2010-10-02,,,,,,,
2010-10-04,,,,,,,
2010-10-05,68.89005,68.6604165,66.3640815,68.6604165,5.0,8443.889937661535,286989795.0
2010-10-06,68.626430742,63.6084795,66.13444799999999,63.6084795,5.0,8111.839082712236,286989795.0
2010-10-07,68.626430742,62.48786802,62.919579,68.626430742,7.0,30916.65632409905,286989795.0
2010-10-08,66.101380776,65.9507412,64.29738,65.9507412,3.0,3617.721281955812,286989795.0
2010-10-11,67.70789674199999,65.9048145,65.675181,66.101380776,3.0,9154.805374651349,286989795.0
2010-10-12,65.675181,63.41099469,65.675181,65.675181,2.0,2051.0944613917395,286989795.0
2010-10-13,66.13444799999999,63.63603552,66.13444799999999,66.13444799999999,2.0,225.35910483444272,286989795.0
2010-10-14,64.03559781,61.541778,62.919579,63.6084795,10.0,41065.43688094289,286989795.0
2010-10-15,66.101380776,61.56933402,64.29738,61.573008156,4.0,15860.055261971796,286989795.0
2010-10-18,65.871747276,61.56933402,64.29738,65.871747276,3.0,1214.979521716126,286989795.0
2010-10-19,,,,,,,
2010-10-20,65.215914,61.56933402,63.838113,61.573008156,4.0,139253.41903511467,286989795.0
2010-10-21,65.18376531,62.001045,62.919579,65.18376531,6.0,17642.24296542099,286989795.0
2010-10-22,62.460312,60.623244,62.460312,62.429081844,6.0,32617.19217797055,286989795.0
2010-10-25,64.26523131,59.04336552,61.3121445,64.26523131,7.0,18650.37113487361,286989795.0
2010-10-26,59.4750765,58.81373202,60.3936105,58.815569088,2.0,4657.421499911816,286989795.0
2010-10-27,59.0158095,58.81373202,60.623244,59.0158095,2.0,1519.81309347286,286989795.0
2010-10-28,61.088940738000005,58.35446502,59.9343435,61.088940738000005,5.0,18031.99446073853,286989795.0
2010-10-29,64.29738,61.541778,64.29738,61.541778,15.0,30164.370616656543,286989795.0
2010-11-01,66.13444799999999,65.68436634,65.675181,65.687121942,5.0,17782.684146694624,286989795.0
2010-11-02,67.937530242,65.215914,65.675181,67.937530242,4.0,2978.6594725943733,286989795.0
2010-11-03,67.70789674199999,63.6084795,62.919579,63.64062819,6.0,12817.163001042967,286989795.0
2010-11-04,66.3640815,63.64522086,63.838113,66.3640815,4.0,16285.73357110352,286989795.0
2010-11-05,67.445196018,63.55336746,65.675181,67.445196018,5.0,31214.957747889574,286989795.0
2010-11-08,67.673910984,62.6899455,62.6899455,67.673910984,5.0,39340.94981786194,286989795.0
2010-11-09,64.23308262,64.23308262,63.378846,64.23308262,3.0,1980.3295250910687,286989795.0
2010-11-10,66.98592901800001,62.6899455,63.378846,66.98592901800001,4.0,1598.1988690674489,286989795.0
2010-11-11,62.721175656,60.623244,63.378846,62.721175656,8.0,34286.15598333867,286989795.0
2010-11-12,60.653555622,60.623244,62.2306785,60.653555622,4.0,12828.049914319992,286989795.0
2010-11-15,60.163977,58.0972755,60.3936105,60.163977,17.0,86737.12676939559,286989795.0
2010-11-16,61.115578224,57.66556452,59.4750765,58.126668588,5.0,12030.039171113973,286989795.0
2010-11-17,57.666483054,57.408375,59.9343435,57.666483054,7.0,10071.483472576954,286989795.0
2010-11-18,62.2306785,57.6380085,59.0158095,57.6380085,23.0,187315.8750792023,286989795.0
2010-11-19,57.867642,57.408375,58.5565425,57.6380085,8.0,110332.3339146945,286989795.0
2010-11-22,59.245443,57.408375,58.5565425,59.245443,3.0,13062.118549776056,286989795.0
2010-11-23,,,,,,,
2010-11-24,,,,,,,
2010-11-25,58.786176,57.408375,58.786176,57.408375,3.0,13292.921111249012,286989795.0
2010-11-26,58.326909,56.97666402,57.1787415,57.6380085,6.0,12523.21634256326,286989795.0
2010-11-29,59.245443,56.949108,57.867642,57.1787415,10.0,70952.19120903527,286989795.0
2010-11-30,56.489841,56.489841,57.6380085,56.489841,1.0,8840.17358094529,286989795.0
2010-12-01,57.867642,55.3416735,58.0972755,56.2602075,3.0,75412.5595786329,286989795.0
2010-12-02,60.380751024,52.356438,53.5046055,57.98245875,14.0,187723.0456357631,286989795.0
2010-12-03,57.20170485,52.815705,55.8009405,54.4231395,39.0,688890.1227390603,286989795.0
2010-12-06,59.0158095,56.2602075,58.326909,58.4646891,13.0,25364.330552815685,286989795.0
2010-12-07,59.70471,56.2602075,58.0972755,59.70471,13.0,2601388.7346576178,286989795.0
2010-12-08,59.70471,56.54495304,58.326909,58.326909,8.0,34320.99410582515,286989795.0
2010-12-09,61.541778,57.00422004,59.70471,60.27879375,20.0,301940.9188990283,286989795.0
2010-12-10,61.541778,57.1787415,59.4750765,59.073677142,8.0,84223.33849373023,286989795.0
2010-12-13,60.623244,57.23385354,60.3936105,57.235690608,30.0,409171.571221098,286989795.0
2010-12-14,69.808584,64.98628049999999,69.1196835,64.98628049999999,40.0,314240.9535194125,286989795.0
2010-12-15,72.7938195,69.808584,71.645652,70.267851,10.0,70700.70351233597,286989795.0
2010-12-16,73.48272,71.645652,73.023453,72.7938195,17.0,132968.4040002874,286989795.0
2010-12-17,74.401254,69.75347196,73.48272,69.75530902799999,8.0,41505.26817733476,286989795.0
2010-12-20,72.104919,71.186385,73.023453,72.104919,14.0,81586.52809803448,286989795.0
2010-12-21,75.779055,71.186385,72.56418599999999,75.779055,17.0,65042.77468226544,286989795.0
2010-12-22,73.357799376,71.186385,72.3345525,73.357799376,10.0,61055.98704021844,286989795.0
2010-12-23,75.319788,70.38726041999999,73.2530865,73.1612331,14.0,18985.68806380602,286989795.0
2010-12-24,71.76781702199999,70.38726041999999,73.48272,70.38726041999999,2.0,5571.922215182019,286989795.0
2010-12-27,,,,,,,
2010-12-28,,,,,,,
2010-12-29,72.56418599999999,69.92799341999999,71.186385,70.267851,9.0,43927.60638147309,286989795.0
2010-12-30,77.15685599999999,72.42640589999999,76.238322,72.42640589999999,13.0,128684.4036257776,286989795.0
2010-12-31,78.60354705,74.401254,73.48272,78.60354705,4.0,26811.201327332463,286989795.0
2011-01-03,,,,,,,
2011-01-04,78.859818036,72.56418599999999,74.86052099999999,73.607640624,24.0,125985.5378244028,286989795.0
2011-01-05,73.92361632,72.56418599999999,73.48272,73.607640624,10.0,31053.831431389583,286989795.0
2011-01-06,76.238322,72.68359541999999,73.023453,73.92361632,30.0,134643.89995362176,286989795.0
2011-01-07,75.28304664,72.63766872,73.023453,73.51643019779999,12.0,19958.978110772165,286989795.0
2011-01-10,75.779055,72.63766872,73.023453,75.45297543,28.0,90391.86355649328,286989795.0
2011-01-11,75.5494215,73.48272,73.2530865,73.48272,8.0,88700.0372332434,286989795.0
2011-01-12,73.48272,72.56418599999999,72.104919,72.63675018599999,10.0,24021.97414575835,286989795.0
2011-01-13,73.48272,72.56418599999999,73.2530865,73.17960378,13.0,134266.12406290896,286989795.0
2011-01-14,73.40923728,71.03023422,72.3345525,73.40923728,10.0,43735.99670779743,286989795.0
2011-01-17,82.66806,76.4679555,81.29025899999999,76.4679555,141.0,1259353.491541957,286989795.0
2011-01-18,98.283138,82.208793,96.905337,83.58659399999999,117.0,685936.503167003,286989795.0
2011-01-19,109.9944465,98.0535045,100.120206,98.0535045,89.0,419261.56244624587,286989795.0
2011-01-20,104.660519562,91.8534,94.609002,100.98822063,67.0,305571.70447691646,286989795.0
2011-01-21,96.44607,93.690468,94.609002,94.8386355,29.0,147793.11380961403,286989795.0
2011-01-24,100.120206,99.201672,99.201672,99.201672,38.0,128238.04018141952,286989795.0
2011-01-25,100.120206,90.475599,90.934866,100.120206,37.0,153219.1513868839,286989795.0
2011-01-26,96.6757035,91.8534,94.609002,92.771934,29.0,94485.34294865516,286989795.0
2011-01-27,96.627021198,93.231201,94.609002,96.627021198,5.0,2544.2716328410274,286989795.0
2011-01-28,97.364604,92.32185234,95.986803,92.32185234,10.0,20112.48358797824,286989795.0
2011-01-31,97.315921698,92.45963244,93.231201,97.315921698,25.0,72430.63403205543,286989795.0
2011-02-01,95.33464386,91.51354242,93.690468,91.515838755,12.0,21458.106069018675,286989795.0
2011-02-02,96.830017212,91.4400597,93.0015675,91.4421723282,12.0,31384.793595011182,286989795.0
2011-02-03,95.92250562,89.097798,90.475599,92.39992773,22.0,97495.57446975289,286989795.0
2011-02-04,90.01633199999999,87.78429437999999,90.01633199999999,90.01633199999999,11.0,12694.14088101257,286989795.0
2011-02-07,95.527536,89.097798,92.0830335,90.39293094,28.0,71847.09548040683,286989795.0
2011-02-08,100.0742793,91.47680106,98.5127715,93.51135387,58.0,2245622.916516972,286989795.0
2011-02-09,98.769042486,95.527536,97.823871,95.527536,13.0,44526.38661170953,286989795.0
2011-02-10,97.364604,93.690468,96.905337,94.837257699,19.0,66230.536920789,286989795.0
2011-02-11,100.06509396,95.42649726,96.6757035,100.06509396,15.0,68111.79553505914,286989795.0
2011-02-14,102.36602163,98.2372113,96.6757035,98.2372113,58.0,460403.207720128,286989795.0
2011-02-15,101.17732381725,98.742405,96.6757035,100.8091065,34.0,267332.5102826896,286989795.0
2011-02-16,100.529872164,97.364604,99.78034842,99.201672,23.0,109643.19230425874,286989795.0
2011-02-17,98.44847412,98.283138,99.31648875,98.44847412,5.0,13449.69266243819,286989795.0
2011-02-18,100.08805731,98.5127715,98.85722175,98.5127715,5.0,32557.314154946907,286989795.0
2011-02-21,102.875808,98.90774112,99.4313055,100.579473,13.0,57709.34989886058,286989795.0
2011-02-22,99.075373575,96.44607,97.1349705,98.742405,19.0,47314.52510195594,286989795.0
2011-02-23,97.823871,96.6757035,97.1349705,97.1349705,15.0,75388.60836942345,286989795.0
2011-02-24,96.44607,91.1644995,97.02015375,96.44607,18.0,404047.10114160174,286989795.0
2011-02-25,94.162594476,89.844106875,91.6237665,94.162594476,15.0,85619.04077584499,286989795.0
2011-02-28,93.690468,89.3274315,91.6237665,93.01993818,22.0,87524.25059932459,286989795.0
2011-03-01,95.300658102,92.771934,94.26455175,94.2415884,15.0,90891.5728759088,351504795.0
2011-03-02,93.690468,89.097798,94.26455175,91.394133,41.0,144242.89138997576,351504795.0
2011-03-03,91.09101678,89.59196929199999,90.01633199999999,90.91649532,13.0,56337.59882595528,351504795.0
2011-03-04,90.475599,89.11616867999999,90.2459655,89.19883673999999,8.0,24228.825498021848,351504795.0
2011-03-07,92.954722266,89.3274315,90.01633199999999,91.8534,25.0,160837.81329814682,351504795.0
2011-03-08,93.4149078,89.35498752,90.36078225,90.27352152,14.0,66369.88941073493,351504795.0
2011-03-09,91.54109844,89.097798,90.475599,91.54109844,8.0,23459.120729336097,351504795.0
2011-03-10,90.01633199999999,88.17926399999999,90.475599,90.01633199999999,4.0,72034.35038877168,351504795.0
2011-03-11,87.4903635,79.952873496,89.097798,86.61132646200001,49.0,217277.74910890617,351504795.0
2011-03-14,89.06105663999999,82.72317204,85.88292899999999,82.72317204,19.0,164636.2573405013,351504795.0
2011-03-15,88.86816449999999,85.423662,88.17926399999999,85.423662,23.0,108129.9113587521,351504795.0
2011-03-16,89.097798,85.88292899999999,87.26073,88.62016032,18.0,64005.25184696484,351504795.0
2011-03-17,91.8534,87.26073,88.17926399999999,90.934866,17.0,78551.25667639957,351504795.0
2011-03-18,90.01633199999999,85.179331956,88.98298125,85.28128923,7.0,16486.052775400804,351504795.0
2011-03-19,,,,,,,
2011-03-21,90.08522205,85.29047457,88.98298125,85.29047457,12.0,49089.09196611122,351504795.0
2011-03-22,91.6237665,88.17926399999999,89.557065,91.107091125,7.0,12711.559942255812,351504795.0
2011-03-23,90.6593058,89.142806166,90.01633199999999,90.3837456,5.0,13861.217984309782,351504795.0
2011-03-24,89.097798,88.17926399999999,88.52371425,88.20870301469999,4.0,389768.91437878186,351504795.0
2011-03-25,90.01633199999999,87.26073,88.98298125,87.26073,10.0,33697.17397505155,351504795.0
2011-03-28,90.7052325,88.23896871,89.3274315,88.23896871,7.0,33200.73072961916,351504795.0
2011-03-29,89.557065,86.342196,86.801463,89.53869432,12.0,21009.5652420052,351504795.0
2011-03-30,90.9807927,87.26073,88.98298125,90.934866,8.0,23679.036377532026,351504795.0
2011-03-31,90.14951943,84.90928296,87.71999699999999,90.14951943,12.0,148264.51715450926,351504795.0
2011-04-01,89.097798,86.18604522,88.638531,86.18604522,6.0,265680.9655385647,351504795.0
2011-04-04,90.934866,84.045861,85.423662,90.934866,15.0,58004.38524866799,351504795.0
2011-04-05,87.6281436,83.58659399999999,84.964395,87.26073,13.0,61928.02879370824,351504795.0
2011-04-06,87.42147345,83.85756153,85.423662,87.1688766,12.0,51207.68528982052,351504795.0
2011-04-07,85.8370023,83.58659399999999,84.964395,84.505128,6.0,15550.86692490425,351504795.0
2011-04-08,84.10556571,84.10556571,85.30884524999999,84.10556571,1.0,1088.6913277026215,351504795.0
2011-04-11,88.86816449999999,81.778919088,82.78287675,84.1377144,9.0,68130.30328763007,351504795.0
2011-04-12,86.492835576,82.66806,84.505128,82.79665476,11.0,30236.22424428492,351504795.0
2011-04-13,86.851063836,78.07539,77.616123,83.8162275,18.0,120788.1254259505,351504795.0
2011-04-14,81.118493142,76.00868849999999,77.616123,76.00868849999999,32.0,152515.856789188,351504795.0
2011-04-15,79.28785487999998,76.238322,78.7642905,76.36232409,18.0,397007.6230166766,351504795.0
2011-04-18,81.90567678,79.912458,80.48654175,80.371725,10.0,53145.55585313119,351504795.0
2011-04-19,81.749526,79.15926012,82.8976935,80.52787578,5.0,26631.567258261537,351504795.0
2011-04-20,85.423662,81.9791595,84.505128,85.423662,10.0,189617.36854596564,351504795.0
2011-04-21,86.743595358,82.66806,86.342196,84.964395,8.0,123800.53432970365,351504795.0
2011-04-26,89.7407718,85.70197780199999,88.75334775,87.888088722,10.0,57896.60480722543,351504795.0
2011-04-27,89.95662729,86.342196,87.71999699999999,89.490012018,16.0,55403.501666786426,351504795.0
2011-04-28,88.04148389999999,87.14591324999999,89.097798,87.659373756,23.0,136765.75935131416,351504795.0
2011-04-29,,,,,,,
2011-05-02,,,,,,,
2011-05-03,90.934866,88.68905037,88.98298125,90.405790416,24.0,66786.85818924505,351504795.0
2011-05-04,90.13114875,89.557065,89.3274315,89.67188175,3.0,5717.80685309417,351504795.0
2011-05-05,89.90151525,83.61323148599999,87.60518024999999,87.26073,22.0,101182.97199668168,351504795.0
2011-05-06,87.888088722,82.59916994999999,83.8162275,87.888088722,23.0,72590.67165722772,351504795.0
2011-05-09,84.045861,80.77771702799998,81.5198925,84.045861,13.0,37951.779683713394,351504795.0
2011-05-10,85.28588189999999,81.572248938,84.16067774999999,85.28588189999999,4.0,9294.157864597282,351504795.0
2011-05-11,82.208793,81.741259194,81.5198925,81.741259194,3.0,11148.199195674848,351504795.0
2011-05-12,84.6429081,81.5198925,81.17544225,84.1836411,14.0,74128.99250327153,351504795.0
2011-05-13,81.749526,78.534657,78.30502349999999,81.749526,20.0,93593.70475126668,351504795.0
2011-05-16,80.44061505,76.4679555,76.35313875,80.44061505,23.0,72641.84014962974,351504795.0
2011-05-17,79.33837425,72.56418599999999,71.76046875,77.96516591999999,37.0,131143.75733505783,351504795.0
2011-05-18,76.04542986,74.39023159199999,75.779055,75.72394295999999,21.0,182365.59561213848,351504795.0
2011-05-19,76.238322,74.89818089399999,74.74570425,75.85253772,16.0,79938.2494278927,351504795.0
2011-05-20,77.06040992999999,76.238322,76.4679555,76.59655026,12.0,16425.086061049456,351504795.0
2011-05-23,76.88864407199999,73.48272,72.56418599999999,76.88864407199999,23.0,105653.13858822864,351504795.0
2011-05-24,77.43241619999999,74.401254,75.43460474999999,77.43241619999999,8.0,16906.287627894013,351504795.0
2011-05-25,75.319788,73.48272,72.56418599999999,74.9523744,21.0,63354.21443299867,351504795.0
2011-05-26,76.238322,72.56418599999999,74.28643724999999,76.238322,16.0,74548.13866443704,351504795.0
2011-05-27,75.0901545,72.56418599999999,73.941987,74.55281211,10.0,34751.02718026769,351504795.0
2011-05-30,,,,,,,
2011-05-31,76.93640784,76.238322,76.4679555,76.238322,8.0,24315.92080423806,351504795.0
2011-06-01,78.07539,76.697589,77.04203925,76.99151987999998,11.0,43582.49123059136,351504795.0
2011-06-02,77.12929998,77.12929998,76.697589,77.12929998,1.0,4354.765310810487,351504795.0
2011-06-03,78.02211502799999,74.401254,76.4679555,74.78212412309999,4.0,39247.32236367952,351504795.0
2011-06-06,77.47375023,74.401254,76.4679555,77.47375023,7.0,38165.16318394312,351504795.0
2011-06-07,76.86751779,74.401254,75.319788,76.77107172,6.0,36584.3833761189,351504795.0
2011-06-08,78.534657,77.15685599999999,76.4679555,78.14887272,11.0,39358.36887910518,351504795.0
2011-06-09,78.4428036,76.27965603,77.27167275,78.4428036,4.0,7294.231895607566,351504795.0
2011-06-10,79.2235575,75.908568294,78.07539,78.99392399999999,10.0,53835.78615489465,351504795.0
2011-06-13,78.99392399999999,77.19359736,78.07539,77.19359736,3.0,2448.4667960031966,351504795.0
2011-06-14,78.07539,77.15685599999999,77.616123,77.15685599999999,6.0,2157026.30495986,351504795.0
2011-06-15,76.4679555,75.319788,77.616123,75.319788,3.0,9162.426213945266,351504795.0
2011-06-16,76.697589,74.401254,76.81240575,76.238322,20.0,119143.11282979182,351504795.0
2011-06-17,77.15685599999999,74.86052099999999,75.66423825,75.319788,13.0,34017.249225396125,351504795.0
2011-06-20,74.70437022,74.70437022,75.779055,74.70437022,1.0,6532.147966215731,351504795.0
2011-06-21,76.238322,72.56418599999999,73.48272,74.401254,11.0,45519.27310257432,351504795.0
2011-06-22,74.05680375,70.0382175,72.21973575,70.9567515,9.0,19195.80549005263,351504795.0
2011-06-23,70.267851,67.052982,68.89005,70.267851,17.0,44334.77693803387,351504795.0
2011-06-24,70.72711799999999,67.229340528,69.808584,69.51465312,16.0,96168.4597412834,351504795.0
2011-06-27,69.1196835,68.434457136,70.38266775,69.1196835,4.0,12457.8948629011,351504795.0
2011-06-28,68.89005,64.0677465,66.593715,68.89005,13.0,46401.11307801345,351504795.0
2011-06-29,70.5434112,64.29738,69.00486674999999,67.25505948,25.0,87708.23943370632,351504795.0
2011-06-30,71.41601849999999,67.317519792,67.971516,70.151197182,8.0,29317.368763703904,351504795.0
2011-07-01,70.9567515,67.971516,68.2011495,70.4515578,7.0,30828.472326555144,351504795.0
2011-07-04,71.404077558,68.007338826,70.72711799999999,70.36429707,10.0,23741.091783211075,351504795.0
2011-07-05,72.56418599999999,72.3345525,70.72711799999999,72.3345525,7.0,17748.934715535845,351504795.0
2011-07-06,76.238322,69.03701543999999,75.319788,72.49070328,26.0,82481.43236940603,351504795.0
2011-07-07,76.16943194999999,72.17748318599999,72.56418599999999,76.16943194999999,20.0,179815.88052265893,351504795.0
2011-07-08,72.601845894,72.56418599999999,72.7938195,72.601845894,2.0,1221.5116696823418,351504795.0
2011-07-11,73.48272,69.808584,70.267851,73.48272,7.0,48534.94808031058,351504795.0
2011-07-12,69.1196835,62.460312,67.971516,68.89005,22.0,96782.48165010769,351504795.0
2011-07-13,67.052982,63.378846,64.29738,67.052982,22.0,125269.17893077448,351504795.0
2011-07-14,67.56276837,63.16758318,65.10109725,63.16758318,8.0,12783.413569884186,351504795.0
2011-07-15,67.971516,63.165746112,66.593715,67.537049418,18.0,165035.80705776814,351504795.0
2011-07-18,67.744638102,64.756647,64.5270135,67.744178835,9.0,39757.918596372045,351504795.0
2011-07-19,69.581706102,65.215914,66.593715,65.215914,7.0,38704.06539115591,351504795.0
2011-07-20,67.052982,58.0972755,60.3936105,66.13444799999999,38.0,165444.06630565663,351504795.0
2011-07-21,64.29738,59.059899132,63.95292975,60.623244,54.0,473356.45713713375,351504795.0
2011-07-22,64.64183025,62.829562668,63.838113,64.64183025,4.0,38104.19646959176,351504795.0
2011-07-23,,,,,,,
2011-07-25,62.460312,62.460312,63.1492125,62.460312,5.0,22393.291919515228,351504795.0
2011-07-26,62.7358722,62.460312,62.6899455,62.7358722,3.0,11853.671176026146,351504795.0
2011-07-27,62.460312,61.210187226,61.541778,62.27660519999999,7.0,254520.7907382852,351504795.0
2011-07-28,62.11586175,58.786176,60.623244,62.11586175,13.0,70234.74362407924,351504795.0
2011-07-29,61.63363139999999,58.786176,59.245443,61.63363139999999,11.0,24601.157932096143,351504795.0
2011-08-01,61.19732775,58.609817472,59.70471,61.0365843,13.0,785001.9705313032,351504795.0
2011-08-02,62.919579,59.72308068,59.9343435,61.541778,12.0,94126.07481051328,351504795.0
2011-08-03,59.70471,58.53357915,60.623244,59.70471,6.0,50848.41715167865,351504795.0
2011-08-04,60.63242934,58.786176,60.04916025,59.70471,12.0,67178.78706721799,351504795.0
2011-08-05,58.786176,55.11204,58.0972755,58.786176,20.0,55657.166746141134,351504795.0
2011-08-08,56.978501088,56.030574,56.030574,56.978501088,10.0,25307.718603775145,351504795.0
2011-08-09,56.447588436,54.193506,55.571307,55.11204,20.0,48123.422758439,351504795.0
2011-08-10,58.269041358,56.030574,56.949108,56.76540119999999,12.0,48888.77276181393,351504795.0
2011-08-11,58.269041358,56.949108,57.408375,57.68393519999999,6.0,21080.330178305867,351504795.0
2011-08-12,57.6380085,55.140514554,56.949108,57.6380085,10.0,24959.33737891031,351504795.0
2011-08-15,65.80377576,59.70471,63.49366275,59.70471,38.0,136950.8368770236,351504795.0
2011-08-16,65.18743944599998,61.082511,62.919579,64.726794645,16.0,157730.68824888355,351504795.0
2011-08-17,63.30536328,61.541778,62.460312,63.30536328,4.0,7838.577559458877,351504795.0
2011-08-18,61.082511,57.408375,57.1787415,61.082511,16.0,62892.60931005276,351504795.0
2011-08-19,59.9343435,55.11204,57.867642,56.979419622,14.0,45678.222036418905,351504795.0
2011-08-22,59.9343435,56.030574,58.786176,56.030574,7.0,19116.331023130337,351504795.0
2011-08-23,59.407104984,58.326909,59.13062625,58.95151212,4.0,8004.058641269676,351504795.0
2011-08-24,59.418127392,58.889970342,58.786176,58.889970342,7.0,16506.73791062715,351504795.0
2011-08-25,60.623244,57.867642,59.70471,60.623244,5.0,12752.930212708512,351504795.0
2011-08-26,60.623244,58.127587122,60.8528775,58.127587122,2.0,2028.2319435099844,351504795.0
2011-08-29,,,,,,,
2011-08-30,60.0261969,58.263530154,59.4750765,58.26376897284,5.0,24718.73659548803,351504795.0
2011-08-31,57.9594954,56.030574,58.0972755,57.867642,10.0,43226.4891664326,351504795.0
2011-09-01,59.14899693,55.36922952,58.0972755,55.36922952,5.0,783890.4166857188,351504795.0
2011-09-02,58.637373492,55.3416735,57.867642,56.030574,11.0,29247.69251873093,351504795.0
2011-09-05,60.163977,56.2602075,57.408375,56.34287556,3.0,7695.958995529833,351504795.0
2011-09-06,57.867642,57.55993311,57.867642,57.867642,4.0,11260.334402428218,351504795.0
2011-09-07,59.32627399199999,59.32627399199999,58.786176,59.32627399199999,2.0,12430.677579708536,351504795.0
2011-09-08,59.9343435,58.786176,58.786176,59.532484875,4.0,22712.2784785321,351504795.0
2011-09-09,57.93653205,57.93653205,59.58989325,57.93653205,1.0,1306.4295932431462,351504795.0
2011-09-12,60.58925824199999,57.867642,59.13062625,57.867642,5.0,16998.826390748738,351504795.0
2011-09-13,60.1180503,56.56332371999999,59.245443,60.1180503,7.0,24828.694419585994,351504795.0
2011-09-14,66.41184526800001,56.949108,60.163977,60.54057594,12.0,118966.744834704,351504795.0
2011-09-15,62.879163504,60.3936105,60.163977,61.63363139999999,28.0,237822.4431539824,351504795.0
2011-09-16,62.495216292,62.495216292,59.81952675,62.495216292,6.0,10162.933544103977,351504795.0
2011-09-19,61.88622825,58.786176,59.70471,61.88622825,7.0,19197.982872708035,351504795.0
2011-09-20,60.8528775,57.5002284,59.245443,59.70471,5.0,17555.147659204777,351504795.0
2011-09-21,60.69213405,55.571307,57.408375,60.69213405,8.0,68821.62228072123,351504795.0
2011-09-22,59.164612008000006,55.11204,56.030574,58.77239799,15.0,93590.4386772836,351504795.0
2011-09-23,56.949108,55.31411748,56.489841,56.949108,10.0,76529.5568808558,351504795.0
2011-09-26,59.26105807799999,55.11204,56.7194745,57.892901685,21.0,103517.1262032761,351504795.0
2011-09-27,57.61963782,55.36004418,57.1787415,57.20170485,5.0,13138.32694271524,351504795.0
2011-09-28,57.829063572,56.051700282,57.1787415,57.828604305,5.0,20486.993404707937,351504795.0
2011-09-29,58.2350556,52.184672142,54.193506,58.2350556,32.0,154082.48360975206,351504795.0
2011-09-30,55.11204,53.274972,53.5046055,55.11204,9.0,59089.8105023875,351504795.0
2011-10-03,54.193506,52.815705,53.5046055,54.19341414659999,2.0,16330.369915539328,351504795.0
2011-10-04,53.734239,49.89935955,49.8304695,53.734239,14.0,106942.14912022854,351504795.0
2011-10-05,53.71586831999999,51.6675375,51.897171,53.71586831999999,7.0,27929.28732088306,351504795.0
2011-10-06,54.733603992,52.815705,53.5046055,54.733603992,22.0,186099.80686615847,351504795.0
2011-10-07,53.677289892,53.149132842,53.5046055,53.149132842,7.0,103407.16837917813,351504795.0
2011-10-10,53.274972,52.8616317,53.274972,53.02237515,3.0,7403.101028377829,351504795.0
2011-10-11,53.19689661,53.19689661,53.0453385,53.19689661,1.0,1088.6913277026215,351504795.0
2011-10-12,54.595823892,54.595823892,53.16015525,54.595823892,1.0,2177.3826554052434,351504795.0
2011-10-13,53.332839642,52.37940135,53.274972,52.37940135,7.0,23345.896831255024,351504795.0
2011-10-14,53.274972,53.274972,54.07868925,54.07868925,1.0,27217.283192565545,351504795.0
2011-10-17,54.1475793,52.356438,54.193506,54.07868925,4.0,14272.743306181372,351504795.0
2011-10-18,52.57688616,52.356438,53.734239,54.193506,2.0,11139.489665053226,351504795.0
2011-10-19,53.0912652,50.51937,52.356438,53.734239,8.0,40336.01369138214,351504795.0
2011-10-20,53.05452384,50.51937,51.897171,52.356438,3.0,12870.508876100395,351504795.0
2011-10-21,52.42073538,50.54692602,51.897171,51.897171,4.0,30938.43015065311,351504795.0
2011-10-24,54.193506,50.55611136,52.356438,51.897171,4.0,13826.379861823298,351504795.0
2011-10-25,53.14637724,50.51937,52.815705,52.356438,7.0,44832.30887479397,351504795.0
2011-10-26,53.14637724,51.46546002,52.815705,52.815705,2.0,9896.204168816832,351504795.0
2011-10-27,53.7801657,52.815705,52.815705,52.815705,10.0,957318.9451887464,351504795.0
2011-10-28,57.67474986,53.7801657,56.489841,52.815705,27.0,229665.9677268343,351504795.0
2011-10-31,60.623244,57.867642,59.70471,56.489841,19.0,202075.2634088668,351504795.0
2011-11-01,60.58650263999999,56.949108,57.867642,59.70471,11.0,73615.13019659588,351504795.0
2011-11-02,58.74943464,56.5816944,57.867642,57.867642,2.0,7753.659635898072,351504795.0
2011-11-03,58.74943464,56.56791639,57.867642,57.867642,3.0,9323.552530445251,351504795.0
2011-11-04,59.2913697,56.28776352,58.326909,57.867642,5.0,21461.372143001783,351504795.0
2011-11-07,59.98027019999999,56.971152816,59.245443,58.326909,9.0,83993.62462358498,351504795.0
2011-11-08,59.98027019999999,59.245443,59.245443,59.245443,3.0,29176.927582430264,351504795.0
2011-11-09,59.76900737999999,57.89519802,59.245443,59.245443,4.0,8774.852101283132,351504795.0
2011-11-10,59.11684824,56.952782136,58.786176,59.245443,4.0,56797.02656624578,351504795.0
2011-11-11,59.48426184,56.949108,58.786176,58.786176,8.0,16882.336418684557,351504795.0
2011-11-14,59.11684824,56.952782136,58.786176,58.786176,6.0,13998.393091600312,351504795.0
2011-11-15,58.71269328,58.326909,58.786176,58.786176,3.0,43837.24500127377,351504795.0
2011-11-16,58.71269328,58.71269328,58.786176,58.786176,2.0,5848.449812418485,351504795.0
2011-11-17,56.952782136,56.952782136,58.786176,58.786176,1.0,2053.271844047145,351504795.0
2011-11-18,56.952782136,56.952782136,56.949108,58.786176,2.0,2339.5976632329343,351504795.0
2011-11-21,57.8217153,55.51619495999999,56.949108,57.408375,8.0,48612.24516457747,351504795.0
2011-11-22,55.2957468,52.356438,54.652773,56.949108,8.0,26126.41448220752,351504795.0
2011-11-23,56.030574,49.600836,52.815705,54.652773,11.0,43149.19208216571,351504795.0
2011-11-24,55.11204,50.564378166,52.815705,52.815705,3.0,23000.781680373293,351504795.0
2011-11-25,53.9638725,51.6675375,53.274972,52.815705,6.0,20119.015735944453,351504795.0
2011-11-28,57.70689855,51.897171,53.274972,53.274972,5.0,93259.476513662,351504795.0
2011-11-29,55.467512658,52.356438,52.815705,53.274972,6.0,75806.66583926126,351504795.0
2011-11-30,54.1475793,51.6675375,52.815705,52.815705,7.0,32194.779942821933,351504795.0
2011-12-01,53.274972,50.51937,52.356438,52.815705,4.0,11276.664772343756,351504795.0
2011-12-02,50.85004224,50.51937,52.356438,52.356438,5.0,25816.13745381228,351504795.0
2011-12-05,51.897171,49.600836,51.437904,52.356438,4.0,21322.01965305585,351504795.0
2011-12-06,50.9327103,48.682302,50.978637,51.437904,5.0,36704.13942216619,351504795.0
2011-12-07,51.2082705,48.682302,50.060103,50.978637,7.0,24845.02478950153,351504795.0
2011-12-08,50.2897365,45.9267,48.682302,50.060103,10.0,71003.3597014373,351504795.0
2011-12-09,49.01297424,46.845234,48.223035,48.682302,2.0,7483.664186627822,351504795.0
2011-12-12,48.6363753,45.9267,48.223035,48.223035,3.0,13299.453259215228,351504795.0
2011-12-13,49.3712025,45.9267,47.763768,48.223035,6.0,37091.71353482833,351504795.0
2011-12-14,49.5089826,32.607957,38.119161,48.682302,47.0,406360.5702129698,351504795.0
2011-12-15,38.9458416,36.9250668,38.578428,38.119161,16.0,128936.9800138046,351504795.0
2011-12-16,38.2110144,35.822826,37.659894,38.578428,18.0,1156209.786464083,351504795.0
2011-12-19,35.822826,29.5767948,32.607957,37.659894,47.0,481273.4204721872,351504795.0
2011-12-20,32.797175004,30.311622,32.14869,32.607957,7.0,80908.27340087574,351504795.0
2011-12-21,33.985758,31.230156,33.067224,33.067224,12.0,137709.65473243233,351504795.0
2011-12-22,32.0568366,31.230156,32.607957,33.067224,12.0,74736.48226412959,351504795.0
2011-12-23,32.607957,32.3323968,32.607957,32.607957,5.0,39040.47101141602,351504795.0
2011-12-27,,,,,,,
2011-12-28,32.607957,31.39549212,32.607957,32.607957,7.0,16920.440615154148,351504795.0
2011-12-29,32.607957,32.607957,32.607957,32.607957,1.0,1088.6913277026215,351504795.0
2011-12-30,32.607957,32.607957,32.607957,32.607957,3.0,4179.4860070503655,351504795.0
2012-01-02,,,,,,,
2012-01-03,34.219984170000004,31.39549212,33.067224,32.607957,26.0,395348.4574332578,351504795.0
2012-01-04,37.8895275,33.067224,35.822826,33.526491,19.0,446034.6595771088,351504795.0
2012-01-05,35.822826,34.0776114,35.822826,35.822826,3.0,4298.153361769951,351504795.0
2012-01-06,37.5221139,35.20740822,36.282093,35.822826,18.0,131823.10072354425,351504795.0
2012-01-09,37.4761872,34.93184802,37.200627,36.282093,17.0,94588.7686247869,351504795.0
2012-01-10,37.659894,34.03168469999999,36.282093,37.200627,19.0,192539.41606951947,351504795.0
2012-01-11,33.985758,31.230156,33.985758,36.282093,21.0,99160.1835098102,351504795.0
2012-01-12,36.58061655,33.88471926,36.282093,33.985758,11.0,173787.79664116952,351504795.0
2012-01-13,36.5576532,34.9961454,35.363558999999995,36.282093,10.0,87269.49682864216,351504795.0
2012-01-16,37.200627,33.985758,36.282093,36.74136,20.0,185184.2174595605,351504795.0
2012-01-17,37.200627,35.363558999999995,36.74136,36.282093,17.0,169239.24427402797,351504795.0
2012-01-18,36.8332134,35.0879988,36.282093,36.74136,10.0,91206.20466961485,351504795.0
2012-01-19,36.6495066,35.10636948,36.282093,36.282093,9.0,30572.629864545022,351504795.0
2012-01-20,36.5576532,35.10636948,36.282093,36.282093,7.0,10774.778070272849,351504795.0
2012-01-23,36.53009718,34.93184802,36.282093,35.822826,16.0,85567.87228344296,351504795.0
2012-01-24,36.9250668,35.822826,36.74136,36.282093,12.0,120603.04790024104,351504795.0
2012-01-25,36.9250668,35.822826,36.74136,36.74136,10.0,192506.7553296884,351504795.0
2012-01-26,36.81484272,35.310284028,36.74136,36.74136,15.0,127818.89402025404,351504795.0
2012-01-27,35.822826,34.904292,35.822826,36.74136,13.0,65902.8408311505,351504795.0
2012-01-30,35.822826,33.985758,35.822826,35.822826,13.0,93883.2966444356,351504795.0
2012-01-31,35.730972599999994,34.904292,35.822826,35.822826,11.0,19295.96509220127,351504795.0
2012-02-01,35.71260192,33.067224,34.904292,35.822826,13.0,127934.2953009905,351504795.0
2012-02-02,35.363558999999995,32.3783235,34.904292,34.904292,11.0,68473.2410558564,351504795.0
2012-02-03,34.518507719999995,32.14869,33.985758,34.445025,9.0,109752.061437029,351504795.0
2012-02-05,,,,,,,
2012-02-06,33.599973719999994,29.393088,33.526491,33.985758,12.0,99760.05243137437,351504795.0
2012-02-07,33.2509308,31.230156,33.067224,33.526491,17.0,738286.2256595837,351504795.0
2012-02-08,34.904292,31.26689736,34.904292,33.067224,23.0,167261.0921315923,351504795.0
2012-02-09,34.3531716,33.067224,34.904292,34.904292,6.0,37941.98146176407,351504795.0
2012-02-10,34.3531716,33.985758,34.904292,34.904292,12.0,90310.2117069156,351504795.0
2012-02-13,34.13272343999999,33.067224,34.904292,34.904292,5.0,48637.28506511463,351504795.0
2012-02-14,36.94343748,33.067224,35.822826,34.904292,14.0,542285.8598592975,351504795.0
2012-02-15,36.74136,34.904292,35.822826,36.282093,16.0,329661.1774849924,351504795.0
2012-02-16,35.969791439999995,34.445025,35.363558999999995,35.822826,14.0,1094339.458310743,351504795.0
2012-02-17,34.3990983,32.14869,34.445025,35.363558999999995,18.0,460530.5846054692,351504795.0
2012-02-20,34.904292,31.387225314,33.526491,33.985758,14.0,276068.1694961754,351504795.0
2012-02-21,35.139436704,32.14869,34.445025,33.526491,21.0,309971.1061321628,351504795.0
2012-02-22,34.904292,33.985758,34.445025,34.445025,13.0,83009.44766334181,351504795.0
2012-02-23,36.045111228,33.985758,34.904292,34.445025,26.0,703477.4978389477,351504795.0
2012-02-24,35.822826,32.14869,34.445025,34.445025,28.0,1465796.5845575668,351504795.0
2012-02-27,35.822826,33.985758,35.1339255,34.445025,22.0,507439.027842192,351504795.0
2012-02-28,37.659894,35.61615585,35.363558999999995,35.1339255,18.0,754220.3119318392,351504795.0
2012-02-29,35.822826,34.445025,35.363558999999995,35.363558999999995,18.0,9373394.996810136,351504795.0
2012-03-01,40.874763,35.1339255,39.496962,35.822826,77.0,1045682.5768017296,351504795.0
2012-03-02,45.2837262,39.496962,43.630365,40.415496,82.0,1184692.128979439,351504795.0
2012-03-05,44.3192655,38.578428,43.171098,43.630365,25.0,153949.66326777235,351504795.0
2012-03-06,42.82664775,40.415496,41.793297,43.171098,18.0,79392.8150727137,351504795.0
2012-03-07,42.4362708,40.415496,41.33403,41.793297,11.0,257419.97574395724,351504795.0
2012-03-08,41.33403,39.956229,41.1043965,41.33403,15.0,79549.58662390287,351504795.0
2012-03-09,40.415496,39.496962,40.6451295,41.1043965,12.0,99800.33401049934,351504795.0
2012-03-12,41.793297,40.2317892,40.874763,40.6451295,20.0,302498.328858812,351504795.0
2012-03-13,42.252564,40.6910562,41.1043965,40.874763,10.0,87584.12862234822,351504795.0
2012-03-14,41.793297,40.6910562,40.874763,41.1043965,14.0,227116.2526373548,351504795.0
2012-03-15,41.5177368,40.2317892,40.6451295,40.874763,6.0,99742.63337013112,351504795.0
2012-03-16,41.60959019999999,39.84141225,40.6451295,40.6451295,13.0,62687.93534044467,351504795.0
2012-03-19,41.793297,39.6347421,40.6451295,40.6451295,17.0,225145.721334213,351504795.0
2012-03-20,41.793297,39.84141225,40.6451295,40.6451295,8.0,56286.43033355325,351504795.0
2012-03-21,41.6555169,39.956229,40.415496,40.6451295,7.0,84222.24980240253,351504795.0
2012-03-22,45.008166,39.8643756,44.548899,40.6451295,18.0,213264.8328749943,351504795.0
2012-03-23,49.600836,41.33403,46.385967,45.008166,58.0,497711.5708291691,351504795.0
2012-03-26,47.2126476,41.33403,45.6970665,46.385967,12.0,77211.07765199765,351504795.0
2012-03-27,48.682302,44.143825506,45.467433,45.6970665,12.0,200146.1023761777,351504795.0
2012-03-28,45.87158796,45.008166,45.467433,45.467433,8.0,61855.08647475216,351504795.0
2012-03-29,45.9267,44.505727902,45.467433,45.467433,9.0,50945.31067984419,351504795.0
2012-03-30,45.9267,45.008166,45.9267,45.467433,12.0,240780.41749135035,351504795.0
2012-04-02,46.6615272,44.089632,45.008166,45.9267,17.0,111600.65931146806,351504795.0
2012-04-03,48.682302,45.9267,46.845234,45.467433,77.0,906103.639059632,351504795.0
2012-04-04,46.7533806,45.008166,44.7785325,46.6156005,18.0,114667.50278160637,351504795.0
2012-04-05,45.39854294999999,42.613547862,44.089632,44.7785325,9.0,26876.522806994624,351504795.0
2012-04-08,36.128697822,34.904292,,,,,351504795.0
2012-04-09,36.74136,33.985758,,,,,351504795.0
2012-04-10,44.4570456,42.252564,43.630365,44.089632,22.0,207071.26791169407,351504795.0
2012-04-11,43.8599985,41.33403,43.630365,43.630365,15.0,193509.4400425025,351504795.0
2012-04-12,43.04250324,42.252564,43.171098,43.630365,6.0,40341.45714802065,351504795.0
2012-04-13,43.04250324,42.32604672,43.171098,43.171098,4.0,23693.18936479216,351504795.0
2012-04-16,44.089632,42.41790012,44.548899,43.171098,13.0,300281.7533156095,351504795.0
2012-04-17,45.9267,44.7326058,45.008166,44.548899,4.0,30047.88064459236,351504795.0
2012-04-18,45.9267,44.089632,45.2377995,45.008166,8.0,47489.80440571607,351504795.0
2012-04-19,44.6866791,42.252564,43.4007315,45.2377995,10.0,119358.67371267694,351504795.0
2012-04-20,43.4007315,39.496962,42.9414645,43.4007315,11.0,182353.62000753373,351504795.0
2012-04-23,42.8955378,41.33403,42.252564,42.9414645,4.0,57412.13716639776,351504795.0
2012-04-24,42.252564,39.496962,40.874763,42.252564,12.0,102513.35279913429,351504795.0
2012-04-25,41.1503232,39.19384578,40.415496,40.874763,7.0,73040.3011755689,351504795.0
2012-04-26,40.5992028,38.119161,39.037695,40.415496,18.0,104100.6647549247,351504795.0
2012-04-27,37.659894,36.74136,38.578428,38.578428,13.0,69764.42897051171,351504795.0
2012-04-30,39.496962,34.904292,38.119161,38.578428,18.0,206408.2548931232,351504795.0
2012-05-01,38.119161,36.74136,38.119161,38.119161,8.0,50145.122553982765,351504795.0
2012-05-02,37.659894,36.74136,38.119161,38.119161,5.0,20209.37711614377,351504795.0
2012-05-03,37.51292856,35.822826,38.119161,38.119161,11.0,4836826.943803932,351504795.0
2012-05-04,36.74136,36.18564693,38.119161,38.119161,6.0,107780.44144255956,351504795.0
2012-05-07,,,,,,,
2012-05-08,34.904292,34.904292,38.119161,38.119161,12.0,2206307.006599647,351504795.0
2012-05-09,35.822826,33.985758,35.363558999999995,38.119161,18.0,3442606.370586173,351504795.0
2012-05-10,35.363558999999995,34.904292,35.822826,35.363558999999995,3.0,17053.26095713387,351504795.0
2012-05-11,35.822826,34.904292,35.822826,35.822826,10.0,104136.59156873888,351504795.0
2012-05-14,35.822826,34.904292,35.822826,35.822826,4.0,15656.469983691404,351504795.0
2012-05-15,35.5472658,31.925486238,33.526491,35.822826,15.0,73256.95074978172,351504795.0
2012-05-16,31.689423,28.474554,30.311622,33.526491,15.0,115447.00577224142,351504795.0
2012-05-17,28.474554,26.637486,28.015287,30.311622,27.0,179529.55470347314,351504795.0
2012-05-18,30.5871822,27.55602,29.852355,28.015287,31.0,218940.18076630807,351504795.0
2012-05-21,31.0464492,30.311622,30.770889,29.852355,6.0,24849.37955481234,351504795.0
2012-05-22,30.93622512,30.311622,30.770889,30.770889,6.0,51799.933372090745,351504795.0
2012-05-23,30.8168157,30.8168157,30.770889,30.770889,1.0,408.2592478884832,351504795.0
2012-05-24,31.230156,29.623640034,30.311622,30.770889,10.0,71676.17094195752,351504795.0
2012-05-25,30.495328800000003,30.311622,30.770889,30.311622,7.0,44687.51292820952,351504795.0
2012-05-28,30.853557060000004,30.853557060000004,30.770889,30.770889,1.0,3266.0739831078654,351504795.0
2012-05-29,31.19341464,29.726515842,31.230156,30.770889,7.0,35321.50143598386,351504795.0
2012-05-30,,,31.230156,,,,351504795.0
2012-05-31,32.14869,30.42184608,32.607957,31.230156,15.0,824298.2840047294,351504795.0
2012-06-01,32.44262088,31.230156,31.9190565,32.607957,5.0,25868.394637542,351504795.0
2012-06-04,,,,,,,
2012-06-05,,,,,,,
2012-06-06,33.067224,30.311622,30.5412555,31.9190565,7.0,120799.01233922753,351504795.0
2012-06-07,31.230156,30.311622,30.42643875,30.770889,10.0,257757.47005554504,351504795.0
2012-06-08,29.393088,29.393088,29.852355,29.852355,8.0,160542.7779483394,351504795.0
2012-06-11,30.311622,29.08997178,30.311622,29.852355,11.0,229590.8480252228,351504795.0
2012-06-12,30.0698638512,28.474554,30.770889,30.311622,2.0,32932.91266300431,351504795.0
2012-06-13,30.2197686,29.393088,30.770889,30.770889,4.0,111905.4928832248,351504795.0
2012-06-14,30.770889,29.852355,31.689423,31.0005225,7.0,141577.77501975975,351504795.0
2012-06-15,32.14869,30.770889,31.689423,31.689423,9.0,188878.1471344556,351504795.0
2012-06-18,32.607957,30.36673404,31.689423,31.689423,6.0,363812.335743696,351504795.0
2012-06-19,30.36673404,30.311622,31.689423,31.689423,2.0,31616.68484781184,351504795.0
2012-06-20,,,31.689423,,,,351504795.0
2012-06-21,33.067224,30.311622,31.689423,31.689423,12.0,469647.2857836509,351504795.0
2012-06-22,30.311622,30.311622,31.689423,31.689423,4.0,16956.367428968337,351504795.0
2012-06-25,33.067224,30.311622,31.689423,32.14869,10.0,318075.3243755811,351504795.0
2012-06-26,31.08319056,30.311622,31.689423,31.689423,2.0,5929.012970668478,351504795.0
2012-06-27,30.770889,29.393088,31.230156,31.689423,4.0,73377.7954871567,351504795.0
2012-06-28,30.34836336,30.34836336,31.230156,31.230156,2.0,481.2015668445589,351504795.0
2012-06-29,29.870725680000003,29.393088,30.311622,31.230156,7.0,24053.54619426173,351504795.0
2012-07-02,31.230156,29.393088,30.770889,30.770889,8.0,191396.29017543173,351504795.0
2012-07-03,30.311622,29.393088,30.770889,30.770889,10.0,283609.5343231715,351504795.0
2012-07-04,29.393088,28.298195472,30.311622,30.770889,4.0,41234.1840367368,351504795.0
2012-07-05,30.0360618,30.01769112,30.311622,30.311622,2.0,3824.572634219311,351504795.0
2012-07-06,30.5871822,29.393088,30.770889,30.770889,8.0,79890.3470094738,351504795.0
2012-07-07,,,,,,,
2012-07-08,,,,,,,
2012-07-09,31.230156,29.393088,30.311622,30.770889,13.0,135533.3607683548,351504795.0
2012-07-10,30.311622,29.4390147,30.311622,30.311622,7.0,327601.37349297904,351504795.0
2012-07-11,30.311622,30.09117384,30.311622,30.311622,4.0,3538246.815033521,351504795.0
2012-07-12,30.311622,28.015287,29.393088,30.311622,17.0,209115.8302251196,351504795.0
2012-07-13,30.770889,28.474554,31.689423,29.393088,14.0,1783299.2572947764,351504795.0
2012-07-16,39.496962,32.14869,36.74136,31.689423,73.0,1264336.431748852,351504795.0
2012-07-17,39.496962,35.5931925,36.282093,36.74136,21.0,156000.7577291641,351504795.0
2012-07-18,37.200627,35.5931925,35.822826,36.282093,10.0,82154.82497109525,351504795.0
2012-07-19,36.4198731,33.21878211,34.2153915,35.822826,17.0,84466.11665980791,351504795.0
2012-07-20,36.282093,35.1339255,34.904292,34.2153915,12.0,374290.9897728337,351504795.0
2012-07-23,35.5472658,33.77908785,34.2153915,34.904292,7.0,34532.200223399464,351504795.0
2012-07-24,35.1339255,33.526491,34.445025,34.2153915,8.0,199305.63267119127,351504795.0
2012-07-25,37.659894,34.87673598,36.9709935,34.445025,19.0,244346.9702809041,351504795.0
2012-07-26,37.64611599,37.49455788,36.9709935,36.9709935,8.0,61823.51442624879,351504795.0
2012-07-27,38.578428,36.74136,37.659894,37.4302605,27.0,271637.1957924258,351504795.0
2012-07-30,39.2214018,36.74136,38.119161,38.578428,13.0,105151.25188615773,351504795.0
2012-07-31,38.578428,36.5117265,37.4302605,38.119161,13.0,285248.014771364,351504795.0
2012-08-01,39.496962,36.74136,39.037695,37.4302605,28.0,579364.5090981935,351504795.0
2012-08-02,39.496962,38.6702814,39.037695,39.037695,13.0,189651.11797712444,351504795.0
2012-08-03,43.0333179,35.822826,41.793297,39.037695,27.0,9629350.682718333,351504795.0
2012-08-06,46.845234,45.9267,45.9267,41.793297,56.0,344286.65678134945,351504795.0
2012-08-07,45.008166,43.4466582,44.3192655,44.089632,13.0,55062.7412812155,351504795.0
2012-08-08,47.852865798,45.008166,45.467433,44.3192655,8.0,88299.39882464884,351504795.0
2012-08-09,46.81767798,44.8703859,45.008166,45.467433,11.0,117620.03366233586,351504795.0
2012-08-10,45.01735134,45.01735134,45.2377995,45.008166,1.0,1088.6913277026215,351504795.0
2012-08-13,47.192439852,44.548899,44.7785325,45.2377995,16.0,394343.5953377883,351504795.0
2012-08-14,44.80149585,43.83703515,44.548899,44.7785325,10.0,50566.44609780367,351504795.0
2012-08-15,47.763768,41.26054728,44.089632,46.385967,11.0,132350.02732615234,351504795.0
2012-08-16,44.548899,42.252564,43.630365,44.089632,14.0,74142.05679920396,351504795.0
2012-08-17,43.630365,43.171098,43.630365,43.630365,4.0,52976.80869733728,351504795.0
2012-08-20,43.8599985,43.171098,43.630365,43.630365,7.0,45260.16456658109,351504795.0
2012-08-21,43.171098,43.171098,43.630365,43.630365,8.0,35692.74517873046,351504795.0
2012-08-22,43.4466582,43.171098,43.630365,43.630365,4.0,35762.421423703425,351504795.0
2012-08-23,43.42828752,42.711831,43.171098,43.630365,7.0,25992.505448900098,351504795.0
2012-08-24,43.1251713,42.252564,42.9414645,43.171098,3.0,43101.2896637468,351504795.0
2012-08-27,,,,,,,
2012-08-28,41.8392237,38.578428,41.5636635,42.9414645,7.0,51839.12625988804,351504795.0
2012-08-29,40.874763,35.9606061,38.578428,41.5636635,40.0,849620.1555957646,351504795.0
2012-08-30,40.1399358,39.93785832,38.578428,38.578428,7.0,1103145.8824605297,351504795.0
2012-08-31,40.1399358,39.93785832,39.956229,38.578428,4.0,34115.23144488936,351504795.0
2012-09-03,40.415496,39.93785832,40.415496,39.956229,2.0,13556.384412553049,351504795.0
2012-09-04,40.3236426,39.496962,40.1858625,39.956229,6.0,64568.10526338709,351504795.0
2012-09-05,40.0021557,39.956229,40.1858625,40.1858625,2.0,13064.295932431462,351504795.0
2012-09-06,40.30067925,40.0021557,40.1858625,40.1858625,2.0,7280.078908347432,351504795.0
2012-09-07,42.252564,40.07104575,41.793297,40.1858625,15.0,143928.25959626972,351504795.0
2012-09-10,41.86677972,40.188158835,41.33403,41.793297,4.0,82002.40818521687,351504795.0
2012-09-11,40.7829096,40.45223736,41.33403,41.33403,4.0,16435.972974326483,351504795.0
2012-09-12,41.9770038,40.415496,41.33403,41.33403,8.0,77748.89116788274,351504795.0
2012-09-13,40.874763,39.496962,40.1858625,40.874763,4.0,20952.95329296466,351504795.0
2012-09-14,40.6451295,39.496962,40.1858625,40.1858625,9.0,83417.70691123029,351504795.0
2012-09-17,40.0021557,38.578428,39.7265955,40.1858625,7.0,22579.458136552377,351504795.0
2012-09-18,40.415496,38.578428,39.7265955,40.415496,23.0,395839.4572220517,351504795.0
2012-09-19,40.6451295,38.578428,40.1858625,39.7265955,12.0,188154.1674015333,351504795.0
2012-09-20,40.874763,40.07104575,40.1858625,40.1858625,5.0,34851.18678241633,351504795.0
2012-09-21,41.33403,40.11697245,41.5636635,40.1858625,18.0,1281187.1961190333,351504795.0
2012-09-24,44.98520265,41.8851504,43.8599985,41.5636635,14.0,62525.72033261698,351504795.0
2012-09-25,44.6866791,43.171098,44.089632,43.8599985,6.0,136873.53979275672,351504795.0
2012-09-26,44.65912307999999,43.4007315,44.089632,44.089632,4.0,5970.383241121178,351504795.0
2012-09-27,44.9163126,43.630365,44.089632,44.089632,6.0,256804.86514380525,351504795.0
2012-09-28,44.548899,43.4007315,44.548899,44.089632,6.0,151330.27193331983,351504795.0
2012-10-01,47.5341345,44.76934716,46.845234,44.548899,32.0,528368.0299259472,351504795.0
2012-10-02,47.763768,46.41352302,47.304501,46.845234,13.0,101301.63935140126,351504795.0
2012-10-03,48.682302,47.0748675,48.682302,47.0748675,28.0,464732.9331304013,351504795.0
2012-10-04,50.3815899,47.9015481,49.600836,48.223035,30.0,769163.6890958854,351504795.0
2012-10-05,49.8763962,49.141569,49.600836,49.600836,20.0,384863.2712561538,351504795.0
2012-10-08,50.060103,49.28853443999999,49.600836,49.8304695,9.0,84495.51132565588,351504795.0
2012-10-09,51.437904,49.141569,51.2082705,49.600836,17.0,174106.7832001864,351504795.0
2012-10-10,51.0704904,49.2793491,50.978637,51.2082705,17.0,309426.7604683115,351504795.0
2012-10-11,50.944191975,50.17951242,50.63418675,50.51937,10.0,60144.75239893134,351504795.0
2012-10-12,51.2082705,50.3815899,50.7490035,50.63418675,12.0,111434.08953832956,351504795.0
2012-10-15,51.897171,50.51937,50.978637,50.7490035,24.0,141917.44671400296,351504795.0
2012-10-16,51.437904,50.51937,50.7490035,50.978637,11.0,84147.13010079105,351504795.0
2012-10-17,50.7490035,50.51937,50.7490035,50.7490035,12.0,356672.69801662216,351504795.0
2012-10-18,50.7490035,50.3815899,50.2897365,50.7490035,7.0,50637.21103410434,351504795.0
2012-10-19,50.51018466,50.18410509,50.2897365,50.2897365,7.0,32230.70675663612,351504795.0
2012-10-22,50.51937,49.141569,50.2897365,50.2897365,13.0,245236.4310956372,351504795.0
2012-10-23,51.41494065,49.141569,50.978637,49.141569,25.0,333543.45075957995,351504795.0
2012-10-24,52.356438,51.437904,52.1268045,50.978637,13.0,119097.38779402831,351504795.0
2012-10-25,52.24162125,50.978637,51.897171,52.1268045,12.0,1034944.8142365988,351504795.0
2012-10-26,51.437904,50.51937,51.2082705,51.897171,20.0,439125.8244115079,351504795.0
2012-10-29,51.3001239,50.51937,50.51937,51.2082705,15.0,247074.1420567992,351504795.0
2012-10-30,51.3001239,48.682302,50.7490035,50.978637,16.0,435234.8416062988,351504795.0
2012-10-31,50.978637,50.51937,50.7490035,50.7490035,4.0,56831.86468873227,351504795.0
2012-11-01,50.978637,50.56988937,50.7490035,50.7490035,5.0,14849.74970986376,351504795.0
2012-11-02,50.7490035,50.58826005,50.7490035,50.7490035,3.0,18507.752570944573,351504795.0
2012-11-05,50.7490035,47.763768,50.060103,50.7490035,9.0,102924.87812100588,351504795.0
2012-11-06,49.7386161,47.763768,48.682302,50.060103,17.0,1607134.847485232,351504795.0
2012-11-07,48.4526685,46.845234,47.5341345,48.223035,19.0,681046.1017229629,351504795.0
2012-11-08,47.87858475,46.385967,47.304501,47.5341345,3.0,11226.584971269436,351504795.0
2012-11-09,46.7074539,45.9267,46.385967,47.304501,8.0,32198.04601680504,351504795.0
2012-11-12,46.5696738,45.9267,46.385967,46.385967,7.0,22329.059131180773,351504795.0
2012-11-13,46.37678166,45.008166,45.467433,46.385967,9.0,29452.36648833903,351504795.0
2012-11-14,45.82694720759999,45.008166,45.467433,45.467433,9.0,30894.882497545,351504795.0
2012-11-15,45.7429932,45.0540927,45.467433,45.467433,6.0,29608.049348200504,351504795.0
2012-11-16,45.6970665,44.089632,45.008166,45.467433,8.0,87986.94441359819,351504795.0
2012-11-19,44.548899,43.3088781,44.089632,45.008166,11.0,128060.583495004,351504795.0
2012-11-20,43.630365,42.252564,43.171098,44.089632,8.0,26606.52735772437,351504795.0
2012-11-21,42.26174934,41.33403,41.33403,43.171098,7.0,76478.38838845378,351504795.0
2012-11-22,42.9414645,41.793297,42.4821975,42.4821975,7.0,193112.06770789105,351504795.0
2012-11-23,42.711831,41.793297,42.4821975,42.4821975,6.0,123163.6499029976,351504795.0
2012-11-26,41.80707501,41.793297,42.0229305,42.4821975,6.0,17858.89253963381,351504795.0
2012-11-27,42.252564,41.793297,42.0229305,42.0229305,7.0,45107.74778070273,351504795.0
2012-11-28,41.793297,41.33403,42.0229305,42.0229305,2.0,59878.0230236442,351504795.0
2012-11-29,41.33403,41.33403,41.793297,42.0229305,5.0,24515.15131720764,351504795.0
2012-11-30,42.252564,39.46022064,41.793297,41.793297,4.0,84633.77512427412,351504795.0
2012-12-03,41.7014436,41.33403,41.793297,41.793297,4.0,30929.720620031487,351504795.0
2012-12-04,42.252564,41.33403,42.4821975,41.793297,5.0,125071.0371091326,351504795.0
2012-12-05,43.05628125,41.8851504,42.9414645,42.4821975,8.0,143368.67225383056,351504795.0
2012-12-06,45.467433,42.7577577,45.2377995,42.9414645,13.0,151607.888221884,351504795.0
2012-12-07,46.6156005,45.6970665,46.1563335,45.2377995,7.0,33353.14751549752,351504795.0
2012-12-10,48.58126326,46.3400403,46.73041725,46.1563335,8.0,123208.2862474334,351504795.0
2012-12-11,47.6719146,46.764862275,47.304501,46.73041725,6.0,66759.64090605247,351504795.0
2012-12-12,48.223035,46.845234,47.763768,47.304501,9.0,73753.39399521412,351504795.0
2012-12-13,47.763768,45.467433,47.763768,47.304501,37.0,556893.9200944114,351504795.0
2012-12-14,47.763768,45.9267,47.304501,46.845234,12.0,133287.3905593043,351504795.0
2012-12-17,47.763768,46.845234,47.304501,47.304501,13.0,81596.3263199838,351504795.0
2012-12-18,46.845234,46.845234,47.304501,47.304501,4.0,27432.844075450663,351504795.0
2012-12-19,46.845234,45.9267,46.845234,47.304501,6.0,25270.703098633257,351504795.0
2012-12-20,47.763768,43.171098,46.385967,46.845234,9.0,87011.47698397664,351504795.0
2012-12-21,47.763768,42.252564,44.7785325,46.385967,15.0,154902.26817951215,351504795.0
2012-12-24,45.467433,44.089632,44.7785325,44.7785325,6.0,31467.534135916583,351504795.0
2012-12-27,45.008166,42.252564,44.7785325,44.7785325,5.0,43634.74841432108,351504795.0
2012-12-28,44.089632,40.415496,43.630365,44.7785325,16.0,318701.3218890101,351504795.0
2012-12-31,43.630365,43.171098,43.4007315,43.4007315,5.0,6215.338789854268,351504795.0
2013-01-02,43.97481525,43.171098,44.089632,43.4007315,15.0,60403.86093492457,351504795.0
2013-01-03,45.3755796,43.630365,45.008166,44.089632,19.0,244213.06124759672,351504795.0
2013-01-04,45.9267,45.4215063,45.9267,45.008166,12.0,67417.21046798486,351504795.0
2013-01-07,45.52254504,44.548899,45.008166,45.9267,17.0,190739.80930482704,351504795.0
2013-01-08,45.467433,45.03112934999999,45.467433,45.467433,5.0,17490.91487087032,351504795.0
2013-01-09,45.019647675,44.548899,45.008166,45.467433,4.0,44091.99877195618,351504795.0
2013-01-10,44.548899,44.089632,45.008166,45.008166,4.0,50368.3042761618,351504795.0
2013-01-11,44.3192655,43.171098,44.089632,44.548899,12.0,69985.43331003534,351504795.0
2013-01-14,45.467433,43.171098,44.3192655,44.089632,14.0,59001.62650484359,351504795.0
2013-01-15,44.548899,43.171098,44.089632,44.3192655,9.0,73332.0704513932,351504795.0
2013-01-16,44.548899,42.85879643999999,43.4007315,44.089632,6.0,36728.09063137565,351504795.0
2013-01-17,44.3192655,42.711831,43.8599985,43.630365,6.0,34479.943039669735,351504795.0
2013-01-18,44.548899,42.711831,43.8599985,43.8599985,6.0,24905.99150385288,351504795.0
2013-01-21,43.171098,42.252564,43.171098,43.8599985,11.0,41493.29257273002,351504795.0
2013-01-22,45.008166,42.711831,43.8599985,43.8599985,4.0,34675.907478656205,351504795.0
2013-01-23,45.008166,42.711831,43.97481525,43.8599985,8.0,46174.6652818513,351504795.0
2013-01-24,45.008166,43.171098,44.3192655,43.97481525,9.0,74326.0456335857,351504795.0
2013-01-25,45.9267,43.630365,44.7785325,44.7785325,7.0,18114.735001643923,351504795.0
2013-01-28,45.9267,43.630365,44.7785325,44.7785325,12.0,68218.487285174,351504795.0
2013-01-29,45.9267,43.630365,44.7785325,44.7785325,9.0,41462.80921555435,351504795.0
2013-01-30,46.27115025,43.67629169999999,45.9267,44.7785325,16.0,164368.43927388644,351504795.0
2013-01-31,46.845234,45.1000194,46.1563335,45.9267,7.0,28698.992089568816,351504795.0
2013-02-01,46.385967,45.467433,45.9267,46.1563335,17.0,311932.92790468293,351504795.0
2013-02-04,46.845234,45.467433,45.9267,45.9267,17.0,148642.29304522206,351504795.0
2013-02-05,46.845234,44.548899,46.845234,46.1563335,9.0,173613.6060287371,351504795.0
2013-02-06,47.763768,45.9267,46.845234,46.845234,9.0,1072655.99313689,351504795.0
2013-02-07,49.141569,46.845234,48.682302,46.845234,13.0,219161.18510583168,351504795.0
2013-02-08,50.33566319999999,48.4526685,49.600836,48.682302,15.0,99128.61146130682,351504795.0
2013-02-11,50.51937,48.682302,50.060103,49.600836,15.0,53896.752869246,351504795.0
2013-02-12,50.978637,49.6926894,50.2897365,50.060103,5.0,43837.24500127377,351504795.0
2013-02-13,50.978637,50.1519564,50.7490035,50.2897365,10.0,88395.20366148668,351504795.0
2013-02-14,50.978637,50.51937,50.978637,50.7490035,12.0,153417.29320852578,351504795.0
2013-02-15,52.01198775,50.978637,51.6675375,50.7490035,12.0,189629.3441505704,351504795.0
2013-02-18,52.356438,50.978637,51.6675375,51.6675375,9.0,48312.85504945925,351504795.0
2013-02-19,52.356438,51.0704904,51.6675375,51.6675375,9.0,11603.272170654544,351504795.0
2013-02-20,51.8053176,50.978637,51.6675375,51.6675375,10.0,52722.05492665487,351504795.0
2013-02-21,52.356438,50.978637,51.6675375,51.6675375,4.0,9971.323870428314,351504795.0
2013-02-22,51.6675375,50.978637,51.6675375,51.6675375,6.0,59183.43795656993,351504795.0
2013-02-25,53.0453385,50.978637,52.815705,51.6675375,16.0,581864.1443865987,351504795.0
2013-02-26,53.274972,52.356438,52.815705,52.815705,14.0,63097.283279660856,351504795.0
2013-02-27,53.274972,52.356438,53.0453385,52.815705,5.0,88508.42755956775,351504795.0
2013-02-28,53.71127565,52.815705,53.5046055,53.5046055,10.0,34595.34432040621,351504795.0
2013-03-01,54.193506,52.815705,53.734239,53.5046055,16.0,115828.04773693734,351504795.0
2013-03-04,53.734239,53.274972,53.274972,53.734239,20.0,239260.6043978775,351504795.0
2013-03-05,54.652773,53.274972,54.193506,53.734239,16.0,115096.44716472118,351504795.0
2013-03-06,54.652773,53.734239,53.734239,54.193506,14.0,261485.1491615988,351504795.0
2013-03-07,54.652773,53.734239,54.193506,54.193506,11.0,157265.81705195454,351504795.0
2013-03-08,58.326909,55.11204,56.7194745,54.4231395,20.0,111079.1761654985,351504795.0
2013-03-11,61.541778,56.030574,59.245443,56.949108,39.0,965283.8109422188,351504795.0
2013-03-12,60.623244,58.0972755,58.786176,59.245443,13.0,66221.82739016738,351504795.0
2013-03-13,59.70471,57.867642,58.326909,58.786176,7.0,39065.51091195318,351504795.0
2013-03-14,57.867642,55.11204,56.2602075,58.0972755,20.0,144962.5163575872,351504795.0
2013-03-15,56.489841,55.2957468,56.2602075,56.2602075,6.0,113338.21067048144,351504795.0
2013-03-18,56.14539075,55.2957468,56.030574,56.030574,4.0,42370.77778285834,351504795.0
2013-03-19,56.489841,53.83068507,55.3416735,56.030574,18.0,217223.31454252105,351504795.0
2013-03-20,55.2498201,54.193506,55.3416735,55.3416735,12.0,110155.96591960668,351504795.0
2013-03-21,54.193506,54.193506,55.3416735,55.3416735,4.0,26551.00410001154,351504795.0
2013-03-22,55.2038934,53.734239,55.11204,55.3416735,7.0,151896.3914237252,351504795.0
2013-03-25,55.11204,53.734239,55.11204,55.11204,6.0,37913.6754872438,351504795.0
2013-03-26,53.734239,53.734239,54.652773,55.11204,3.0,6107.558348411709,351504795.0
2013-03-27,54.4231395,53.734239,54.4231395,54.652773,5.0,10320.793786620856,351504795.0
2013-03-28,54.652773,53.734239,54.4231395,54.4231395,9.0,127383.41748917296,351504795.0
2013-04-01,,,,,,,
2013-04-02,55.11204,53.274972,54.193506,54.4231395,14.0,133016.30641870634,351504795.0
2013-04-03,54.4231395,52.356438,53.0453385,54.193506,9.0,99852.59119422908,351504795.0
2013-04-04,53.16015525,51.897171,53.0453385,53.0453385,7.0,194874.6589674416,351504795.0
2013-04-05,52.14976785,51.897171,53.0453385,53.0453385,9.0,59846.450975140826,351504795.0
2013-04-08,51.897171,51.897171,52.5860715,53.0453385,6.0,12857.444580167965,351504795.0
2013-04-09,52.5860715,51.897171,52.5860715,52.5860715,4.0,14697.332923985396,351504795.0
2013-04-10,52.5860715,52.4482914,52.5860715,52.5860715,2.0,4714.033448952353,351504795.0
2013-04-11,52.356438,51.897171,52.5860715,52.5860715,4.0,9417.17998462768,351504795.0
2013-04-12,51.897171,51.897171,52.5860715,52.5860715,4.0,13768.67922145506,351504795.0
2013-04-15,52.445995065,51.897171,52.5860715,52.5860715,10.0,97971.33257995894,351504795.0
2013-04-16,52.445995065,51.897171,52.5860715,52.5860715,4.0,19228.466229883707,351504795.0
2013-04-17,52.445995065,51.897171,52.5860715,52.5860715,4.0,70961.9894309846,351504795.0
2013-04-18,52.356438,51.897171,52.1268045,52.5860715,6.0,9289.803099286471,351504795.0
2013-04-19,52.19569455,51.437904,52.1268045,52.1268045,12.0,421818.8983750193,351504795.0
2013-04-22,52.356438,51.437904,51.897171,52.1268045,12.0,494992.019892568,351504795.0
2013-04-23,53.16015525,52.356438,52.5860715,52.5860715,5.0,9282.182259992554,351504795.0
2013-04-24,53.20608195,51.897171,52.5860715,52.5860715,3.0,5149.509980033401,351504795.0
2013-04-25,54.652773,52.356438,53.5046055,52.5860715,9.0,138091.78538845596,351504795.0
2013-04-26,54.652773,52.5860715,53.734239,53.5046055,8.0,53397.043549830494,351504795.0
2013-04-29,55.11204,54.21646935,54.4231395,53.9638725,4.0,10646.312493603938,351504795.0
2013-04-30,55.09366932,54.25780338,54.4231395,54.4231395,5.0,7154.879405661631,351504795.0
2013-05-01,56.949108,55.09366932,56.949108,54.4231395,17.0,75299.33568055184,351504795.0
2013-05-02,56.949108,55.11204,56.030574,56.489841,6.0,40668.06454633144,351504795.0
2013-05-03,56.489841,55.2038934,56.2602075,56.030574,9.0,37526.10137458168,351504795.0
2013-05-06,,,,,,,
2013-05-07,56.39798759999999,56.39798759999999,56.2602075,56.2602075,1.0,146.97332923985394,351504795.0
2013-05-08,56.60465775,55.571307,56.2602075,56.2602075,8.0,109685.65126603916,351504795.0
2013-05-09,57.5920818,55.8009405,56.949108,56.2602075,6.0,106002.60850442118,351504795.0
2013-05-10,58.5106158,56.39798759999999,57.867642,56.949108,8.0,36672.567373662816,351504795.0
2013-05-13,58.6943226,56.949108,57.867642,57.867642,7.0,10529.822521539758,351504795.0
2013-05-14,58.5565425,56.949108,57.867642,57.867642,5.0,34875.13799162579,351504795.0
2013-05-15,58.6024692,57.05933208,57.867642,57.867642,5.0,14200.889678553,351504795.0
2013-05-16,58.6024692,57.05933208,57.867642,57.867642,4.0,11490.048272573473,351504795.0
2013-05-17,59.70471,57.1328148,59.0158095,57.867642,12.0,71687.05785523454,351504795.0
2013-05-20,65.215914,59.245443,63.1492125,59.0158095,32.0,325162.7049189252,351504795.0
2013-05-21,63.378846,61.541778,61.541778,62.919579,21.0,220392.49499746336,351504795.0
2013-05-22,61.3121445,61.3121445,61.3121445,61.7714115,1.0,17846.91693502908,351504795.0
2013-05-23,61.541778,60.623244,60.623244,61.3121445,12.0,110272.45589167086,351504795.0
2013-05-24,60.2558304,60.163977,60.3936105,60.623244,2.0,28017.47131842697,351504795.0
2013-05-27,,,,,,,
2013-05-28,60.95850890999999,58.786176,60.3936105,60.3936105,5.0,119235.65159264657,351504795.0
2013-05-29,61.541778,59.70471,60.623244,61.082511,16.0,152595.33125611028,351504795.0
2013-05-30,60.69672672,60.163977,60.623244,60.623244,5.0,84349.62668774373,351504795.0
2013-05-31,60.86206284,59.70471,60.623244,60.623244,9.0,126551.65731480817,351504795.0
2013-06-03,61.082511,60.623244,60.623244,60.623244,4.0,121062.47564053154,351504795.0
2013-06-04,60.623244,60.01701156,60.623244,60.623244,4.0,77841.42993073746,351504795.0
2013-06-05,60.8528775,59.93893616999999,60.3936105,60.623244,3.0,12676.72181976933,351504795.0
2013-06-06,60.5313906,59.85626811,60.3936105,60.3936105,4.0,10222.81156712762,351504795.0
2013-06-07,59.82871209,59.70471,60.163977,60.3936105,3.0,109705.2477099378,351504795.0
2013-06-10,60.52220526,59.70471,60.163977,60.163977,5.0,33241.01230874415,351504795.0
2013-06-11,60.71509739999999,59.81493408,60.623244,60.623244,5.0,12506.88597264772,351504795.0
2013-06-12,59.92515816,59.92515816,60.163977,60.623244,1.0,5007.98010743206,351504795.0
2013-06-13,59.842490100000006,57.867642,58.786176,60.163977,10.0,779187.2701500434,351504795.0
2013-06-14,57.867642,57.867642,58.786176,58.786176,1.0,755.5517814256195,351504795.0
2013-06-17,59.245443,57.867642,58.786176,58.786176,4.0,9553.266400590506,351504795.0
2013-06-18,58.786176,57.867642,58.786176,58.786176,3.0,1173500.3821306562,351504795.0
2013-06-19,59.245443,57.867642,58.786176,58.786176,7.0,50026.455199263175,351504795.0
2013-06-20,61.082511,59.245443,60.3936105,58.786176,15.0,56928.7582168978,351504795.0
2013-06-21,61.3121445,59.245443,60.623244,60.3936105,11.0,284950.80203890114,351504795.0
2013-06-24,61.541778,60.7610241,61.3121445,60.8528775,9.0,61973.75382947175,351504795.0
2013-06-25,62.6899455,60.7610241,62.001045,62.001045,10.0,1713270.2763316329,351504795.0
2013-06-26,66.13444799999999,62.2306785,65.9048145,62.001045,33.0,3353231.344729754,351504795.0
2013-06-27,66.57534432,65.675181,66.13444799999999,66.13444799999999,15.0,99609.8130281514,351504795.0
2013-06-28,66.2263014,65.675181,66.13444799999999,66.13444799999999,10.0,263116.00877049734,351504795.0
2013-07-01,66.13444799999999,64.32493602,64.98628049999999,66.13444799999999,23.0,80881.05611768318,351504795.0
2013-07-02,65.215914,64.29738,64.756647,64.756647,14.0,782771.2420008405,351504795.0
2013-07-03,64.84850039999999,64.29738,64.0677465,64.756647,8.0,133451.7829497874,351504795.0
2013-07-04,64.29738,63.42477269999999,63.838113,64.0677465,5.0,30246.02246623424,351504795.0
2013-07-05,64.29738,63.378846,63.378846,63.838113,5.0,52541.33216625623,351504795.0
2013-07-08,64.57294019999999,63.838113,64.29738,63.378846,11.0,50739.54801890839,351504795.0
2013-07-09,64.57294019999999,64.0218198,64.29738,64.29738,5.0,26126.41448220752,351504795.0
2013-07-10,64.5270135,63.838113,64.29738,64.29738,8.0,29154.06506454851,351504795.0
2013-07-11,64.3892334,63.838113,64.29738,64.29738,7.0,191572.6581705196,351504795.0
2013-07-12,64.29738,63.838113,63.838113,64.29738,6.0,24414.991715059,351504795.0
2013-07-15,64.29738,62.919579,63.6084795,63.838113,12.0,100511.24944748916,351504795.0
2013-07-16,63.72329625,62.919579,63.6084795,63.6084795,12.0,1836842.185482519,351504795.0
2013-07-17,,,63.6084795,,,,351504795.0
2013-07-18,64.0677465,62.919579,63.6084795,63.6084795,7.0,28765.402260558672,351504795.0
2013-07-19,64.29738,63.378846,63.6084795,63.6084795,4.0,42455.695706419145,351504795.0
2013-07-22,66.96112860000001,64.2055266,65.9048145,63.6084795,14.0,65490.22681795122,351504795.0
2013-07-23,67.052982,65.675181,66.13444799999999,65.9048145,15.0,110820.06762950528,351504795.0
2013-07-24,65.3536941,64.5270135,64.756647,65.9048145,6.0,135208.9307526994,351504795.0
2013-07-25,65.1699873,64.29738,64.756647,64.756647,2.0,4067.350800296995,351504795.0
2013-07-26,,,64.756647,,,,351504795.0
2013-07-29,66.13444799999999,64.29738,64.98628049999999,65.215914,15.0,218640.79065118983,351504795.0
2013-07-30,64.756647,63.378846,64.0677465,64.98628049999999,9.0,69822.12961087994,351504795.0
2013-07-31,64.29738,61.541778,63.378846,64.0677465,11.0,153380.27770338388,351504795.0
2013-08-01,63.838113,62.6899455,63.378846,63.378846,3.0,8993.67905815136,351504795.0
2013-08-02,63.838113,62.460312,63.1492125,63.378846,4.0,17607.404842934502,351504795.0
2013-08-05,63.378846,59.79656339999999,60.8528775,63.1492125,41.0,871155.5587490501,351504795.0
2013-08-06,60.4395372,57.408375,57.867642,60.8528775,24.0,190193.28625832032,351504795.0
2013-08-07,57.867642,56.949108,57.867642,57.867642,10.0,25305.541221119744,351504795.0
2013-08-08,58.786176,53.734239,55.571307,57.867642,29.0,902851.7180637844,351504795.0
2013-08-09,55.4794536,54.19809867,55.11204,55.571307,28.0,136304.15422836825,351504795.0
2013-08-12,57.68393519999999,55.3876002,57.408375,55.571307,30.0,176683.7155728585,351504795.0
2013-08-13,60.072123600000005,57.1787415,58.326909,57.867642,26.0,222321.6560301524,351504795.0
2013-08-14,59.6128566,57.867642,57.867642,58.326909,27.0,225019.43314019952,351504795.0
2013-08-15,59.70471,58.0513488,58.786176,59.245443,13.0,202262.5183172316,351504795.0
2013-08-16,59.245443,57.867642,58.786176,58.786176,7.0,59553.59300798882,351504795.0
2013-08-19,59.245443,57.867642,58.786176,58.786176,9.0,98701.8444608474,351504795.0
2013-08-20,57.867642,54.2853594,56.030574,58.786176,27.0,582419.3769637271,351504795.0
2013-08-21,56.2142808,52.356438,53.274972,56.030574,26.0,275803.6175035437,351504795.0
2013-08-22,53.3668254,49.600836,50.51937,53.274972,27.0,559798.5485567219,351504795.0
2013-08-23,50.7490035,48.682302,49.600836,50.51937,31.0,420448.2359934417,351504795.0
2013-08-26,,,,,,,
2013-08-27,48.79711875,44.089632,46.1563335,50.060103,54.0,471774.58863798185,351504795.0
2013-08-28,49.5089826,45.53632305,49.600836,46.1563335,48.0,774058.4453052364,351504795.0
2013-08-29,49.600836,49.141569,49.8304695,49.600836,9.0,56347.3970479046,351504795.0
2013-08-30,49.3712025,49.141569,49.8304695,49.8304695,22.0,137212.12279567224,351504795.0
2013-09-02,49.25638575,49.141569,49.8304695,49.600836,9.0,70015.91666721102,351504795.0
2013-09-03,49.141569,48.7741554,49.600836,49.600836,7.0,194894.25541134024,351504795.0
2013-09-04,49.18749569999999,49.141569,49.600836,49.600836,5.0,35972.53884995003,351504795.0
2013-09-05,49.18749569999999,49.141569,49.600836,49.600836,8.0,40422.02030627065,351504795.0
2013-09-06,49.600836,49.141569,49.600836,49.600836,5.0,142838.4795772394,351504795.0
2013-09-09,49.600836,49.141569,49.600836,49.600836,13.0,124289.35673584211,351504795.0
2013-09-10,49.14616167,47.763768,49.3712025,49.600836,14.0,351548.2279371259,351504795.0
2013-09-11,48.4526685,47.763768,48.682302,49.3712025,10.0,57509.0306945633,351504795.0
2013-09-12,49.0497156,47.763768,48.4526685,48.682302,10.0,64281.7794442013,351504795.0
2013-09-13,48.4526685,48.223035,48.4526685,48.4526685,10.0,34639.98066484202,351504795.0
2013-09-16,48.6363753,47.763768,48.4526685,48.4526685,18.0,152341.66617675556,351504795.0
2013-09-17,49.4171292,47.78673135,49.141569,48.4526685,15.0,503089.70598802005,351504795.0
2013-09-18,49.2334224,47.763768,49.141569,49.141569,11.0,73372.3520305182,351504795.0
2013-09-19,49.3072725336,48.682302,49.141569,49.141569,9.0,28370.20730860262,351504795.0
2013-09-20,49.141569,48.7741554,49.141569,49.141569,4.0,7690.515538891321,351504795.0
2013-09-23,51.8053176,48.682302,51.437904,49.141569,28.0,234156.8194536076,351504795.0
2013-09-24,54.0097992,50.7949302,53.5046055,51.437904,23.0,2505894.174848182,351504795.0
2013-09-25,57.06851742,54.0097992,56.030574,53.5046055,22.0,135235.05934456427,351504795.0
2013-09-26,56.2602075,54.193506,55.8009405,56.030574,20.0,181240.97747062167,351504795.0
2013-09-27,56.19591012,54.67573635,55.8009405,55.8009405,6.0,15914.489828356924,351504795.0
2013-09-30,56.19591012,54.193506,55.11204,55.8009405,8.0,82604.45448943644,351504795.0
2013-10-01,55.11204,54.1016526,54.8824065,55.11204,3.0,10946.791300049865,351504795.0
2013-10-02,54.99722325,53.8260924,54.4231395,54.8824065,7.0,33123.43364535227,351504795.0
2013-10-03,56.5850929758,54.0097992,55.571307,54.4231395,13.0,959460.4010303376,351504795.0
2013-10-04,56.949108,55.11204,56.030574,55.571307,15.0,153481.52599686023,351504795.0
2013-10-07,56.76540119999999,55.11204,56.030574,56.030574,9.0,324234.0512163948,351504795.0
2013-10-08,55.7550138,55.571307,56.030574,56.030574,6.0,32549.69331565299,351504795.0
2013-10-09,56.030574,55.11204,56.030574,56.030574,7.0,193016.2628710532,351504795.0
2013-10-10,57.867642,55.11204,56.030574,56.030574,9.0,43616.24066175014,351504795.0
2013-10-11,55.571307,55.11204,56.030574,56.030574,2.0,1087.6026363749193,351504795.0
2013-10-14,56.489841,55.11204,56.030574,56.030574,9.0,685969.1639068342,351504795.0
2013-10-15,56.43472896,55.11204,56.030574,56.030574,6.0,30711.982354490963,351504795.0
2013-10-16,56.43472896,55.11204,56.030574,56.030574,11.0,114625.04381982597,351504795.0
2013-10-17,56.2602075,55.11204,55.11204,56.030574,6.0,77981.8711120111,351504795.0
2013-10-18,55.4794536,55.2957468,55.11204,55.11204,2.0,7499.994556543362,351504795.0
2013-10-21,55.571307,54.3772128,55.3416735,55.11204,13.0,120705.38488504507,351504795.0
2013-10-22,55.54834365,54.488814681,55.3416735,55.3416735,11.0,237107.1729516817,351504795.0
2013-10-23,56.43472896,54.67114368,56.030574,55.3416735,18.0,242649.70050101576,351504795.0
2013-10-24,55.11204,55.11204,56.030574,56.030574,4.0,10543.975508799893,351504795.0
2013-10-25,56.32909755,55.11204,56.489841,56.030574,8.0,139234.9112825437,351504795.0
2013-10-28,56.030574,55.2038934,56.030574,56.489841,9.0,33497.943462081974,351504795.0
2013-10-29,56.030574,56.030574,56.030574,56.030574,1.0,3733.12256269229,351504795.0
2013-10-30,56.030574,54.193506,55.571307,56.030574,10.0,67371.48543222135,351504795.0
2013-10-31,56.3061342,54.2815015572,55.571307,55.571307,4.0,9927.776217320208,351504795.0
2013-11-01,55.2038934,54.224736156,55.11204,55.571307,7.0,31110.44338043012,351504795.0
2013-11-04,55.11204,52.356438,53.274972,55.11204,19.0,241762.4170689381,351504795.0
2013-11-05,53.6423856,53.4586788,53.274972,53.274972,3.0,20247.48131261336,351504795.0
2013-11-06,53.6423856,52.356438,53.274972,53.274972,5.0,23891.33118643404,351504795.0
2013-11-07,53.734239,51.437904,52.356438,53.274972,7.0,117492.65677699466,351504795.0
2013-11-08,52.815705,52.815705,52.356438,52.356438,1.0,10886.91327702622,351504795.0
2013-11-11,52.815705,51.58486943999999,52.356438,52.356438,5.0,28698.992089568816,351504795.0
2013-11-12,53.274972,51.897171,53.0453385,52.356438,4.0,11879.799767891009,351504795.0
2013-11-13,54.193506,52.356438,53.0453385,53.0453385,9.0,34378.69474619339,351504795.0
2013-11-14,52.9075584,52.9075584,53.5046055,53.274972,1.0,2282.985714192398,351504795.0
2013-11-15,53.5046055,53.5046055,53.5046055,53.5046055,1.0,10886.91327702622,351504795.0
2013-11-18,54.652773,53.2290453,54.193506,53.5046055,11.0,114702.34090409284,351504795.0
2013-11-19,53.0453385,53.0453385,53.9638725,54.193506,1.0,299.390115118221,351504795.0
2013-11-20,,,53.9638725,,,,351504795.0
2013-11-21,62.78179889999999,56.030574,60.163977,56.030574,122.0,3270327.5001252,351504795.0
2013-11-22,60.623244,58.80454668,59.0158095,60.163977,23.0,182224.06573953715,351504795.0
2013-11-25,59.70471,57.91356869999999,58.326909,58.786176,23.0,192017.93292355,351504795.0
2013-11-26,58.6024692,56.0765007,56.949108,58.326909,16.0,122730.35075457196,351504795.0
2013-11-27,57.00422004,56.1224274,56.489841,56.949108,7.0,13708.801198431414,351504795.0
2013-11-28,56.5357677,55.3876002,55.571307,56.489841,7.0,54057.87918574599,351504795.0
2013-11-29,56.030574,55.21307874,55.8009405,55.571307,23.0,254111.44279906896,351504795.0
2013-12-02,56.030574,55.6631604,55.8009405,55.8009405,13.0,66809.72070712679,351504795.0
2013-12-03,55.982350965,55.571307,55.8009405,55.8009405,12.0,79722.6885450076,351504795.0
2013-12-04,55.9387206,55.571307,55.8009405,55.8009405,10.0,90667.30246240205,351504795.0
2013-12-05,55.87901589,55.57589967,55.8009405,55.8009405,5.0,28185.12978289318,351504795.0
2013-12-06,55.57589967,51.897171,54.193506,55.8009405,26.0,225096.7302244664,351504795.0
2013-12-09,55.2957468,54.193506,55.11204,54.193506,10.0,54482.46880355001,351504795.0
2013-12-10,55.11204,54.2853594,54.652773,55.11204,6.0,170325.7582190752,351504795.0
2013-12-11,55.3876002,53.274972,55.11204,54.652773,18.0,3773882.0773101486,351504795.0
2013-12-12,55.4794536,54.193506,55.11204,55.11204,3.0,13910.2090940564,351504795.0
2013-12-13,55.2957468,54.193506,55.11204,55.11204,5.0,24314.83211291036,351504795.0
2013-12-16,55.11204,54.193506,55.11204,55.11204,4.0,44442.55737947643,351504795.0
2013-12-17,54.7905531,54.193506,54.652773,55.11204,5.0,24804.74321037653,351504795.0
2013-12-18,54.652773,54.652773,54.193506,54.652773,3.0,11386.622596441724,351504795.0
2013-12-19,54.193506,52.40695737,53.274972,54.193506,7.0,93461.97310061468,351504795.0
2013-12-20,53.274972,52.356438,53.274972,53.274972,10.0,538695.3558605344,351504795.0
2013-12-23,53.274972,52.6319982,53.274972,53.274972,4.0,44741.94749459465,351504795.0
2013-12-24,53.23823064,53.23823064,53.274972,53.274972,1.0,9376.89840550268,351504795.0
2013-12-27,53.23823064,52.6319982,53.274972,53.274972,2.0,8355.705940117623,351504795.0
2013-12-30,53.23823064,51.437904,52.356438,53.274972,7.0,31167.05532947066,351504795.0
2013-12-31,53.5046055,51.897171,53.274972,52.356438,7.0,243324.68912419133,351504795.0
2014-01-02,54.45069552,52.815705,53.274972,53.274972,9.0,66780.32604127882,351504795.0
2014-01-03,54.193506,52.9075584,53.734239,53.274972,13.0,110853.81706066406,351504795.0
2014-01-06,53.734239,52.815705,53.5046055,53.734239,4.0,8129.258143955477,351504795.0
2014-01-07,53.734239,52.815705,53.9638725,53.5046055,4.0,18457.67276987025,351504795.0
2014-01-08,52.815705,52.356438,53.274972,53.9638725,2.0,14298.871898046234,351504795.0
2014-01-09,52.815705,51.437904,52.1268045,53.274972,7.0,45954.74963365537,351504795.0
2014-01-10,52.356438,51.437904,52.1268045,52.1268045,8.0,29616.75887882213,351504795.0
2014-01-13,52.34265999,50.51937,51.897171,52.1268045,19.0,464157.0154180466,351504795.0
2014-01-14,52.01658042,51.5297574,52.1268045,51.897171,13.0,894966.3267772342,351504795.0
2014-01-15,52.815705,51.64457415,52.356438,52.1268045,10.0,67873.37213429225,351504795.0
2014-01-16,55.8468672,52.815705,55.3416735,52.5860715,37.0,601677.2378594587,351504795.0
2014-01-17,55.2038934,54.652773,55.3416735,55.3416735,10.0,150928.54483339758,351504795.0
2014-01-20,55.3416735,54.8824065,55.3416735,55.3416735,10.0,3794267.82242138,351504795.0
2014-01-21,61.3121445,55.23604209,60.8528775,56.030574,69.0,1339995.0355675458,351504795.0
2014-01-22,69.7167306,61.12843769999999,68.89005,60.8528775,108.0,914432.1277165572,351504795.0
2014-01-23,73.2071598,66.13444799999999,70.267851,70.267851,148.0,1061044.0114356135,351504795.0
2014-01-24,71.645652,66.13444799999999,69.808584,69.808584,62.0,415853.9585905367,351504795.0
2014-01-27,71.645652,67.971516,68.2011495,69.808584,43.0,856530.0794526931,351504795.0
2014-01-28,69.51006045,66.13444799999999,67.052982,68.43078299999999,52.0,383870.384765289,351504795.0
2014-01-29,67.28261549999999,64.41219674999999,65.215914,67.052982,39.0,281696.703660398,351504795.0
2014-01-30,67.33772754,64.32438489959999,66.13444799999999,65.215914,39.0,320031.7026914627,351504795.0
2014-01-31,68.4390108601584,66.13444799999999,66.593715,66.593715,24.0,330151.08858245856,351504795.0
2014-02-03,69.45035573999999,67.052982,69.1196835,67.052982,32.0,318462.8984882432,351504795.0
2014-02-04,69.349317,67.8991355208,68.43078299999999,69.1196835,12.0,55791.07577944856,351504795.0
2014-02-05,68.2011495,67.052982,67.512249,68.43078299999999,13.0,43206.89272253395,351504795.0
2014-02-06,70.52044785,67.7418825,70.0382175,67.512249,30.0,227063.99545362504,351504795.0
2014-02-07,70.72711799999999,69.808584,70.61230125,70.0382175,23.0,143635.4016291177,351504795.0
2014-02-10,75.4448004774,70.4974845,74.6308875,70.61230125,53.0,561963.9556075224,351504795.0
2014-02-11,77.96516591999999,74.51147808,76.00868849999999,74.6308875,66.0,627112.333348575,351504795.0
2014-02-12,76.35313875,73.48272,75.5494215,76.00868849999999,50.0,623527.2728064503,351504795.0
2014-02-13,76.697589,75.24630528,75.5494215,75.5494215,16.0,251103.38866062663,351504795.0
2014-02-14,75.932909445,73.48272,74.1716205,75.5494215,19.0,136568.706221,351504795.0
2014-02-17,73.96495035,69.808584,72.104919,74.401254,58.0,394857.4576444639,351504795.0
2014-02-18,76.238322,71.8293588,75.0901545,72.3345525,35.0,442382.1001726665,351504795.0
2014-02-19,74.6308875,72.7478928,74.1716205,75.0901545,24.0,215313.7499537306,351504795.0
2014-02-20,74.28643724999999,73.48272,73.941987,74.1716205,19.0,361629.5096316522,351504795.0
2014-02-21,74.401254,73.67561213999998,73.941987,73.941987,15.0,70259.7835246164,351504795.0
2014-02-24,75.319788,73.72153884000001,74.6308875,73.941987,17.0,88820.8819706184,351504795.0
2014-02-25,75.319788,74.0797671,74.6308875,74.6308875,17.0,687896.1475568678,351504795.0
2014-02-26,75.319788,74.28643724999999,75.319788,74.6308875,7.0,23751.978696488102,351504795.0
2014-02-27,76.238322,75.319788,75.5494215,75.319788,21.0,1809418.0509376896,351504795.0
2014-02-28,82.66806,76.697589,80.830992,76.00868849999999,69.0,1078027.5961477747,351504795.0
2014-03-03,81.15247889999999,77.15685599999999,77.616123,80.830992,24.0,131836.1650194767,351504795.0
2014-03-04,80.371725,76.6057356,78.534657,77.8457565,33.0,256409.6701918492,351504795.0
2014-03-05,78.73673448,77.43241619999999,77.616123,78.534657,16.0,97989.84033252989,351504795.0
2014-03-06,80.82180666,77.283154425,80.14209149999999,77.616123,32.0,264234.09476404794,351504795.0
2014-03-07,80.744649804,79.912458,80.48654175,80.14209149999999,27.0,135865.4116233041,351504795.0
2014-03-10,80.6013585,80.14209149999999,80.48654175,80.48654175,24.0,398752.7952149839,351504795.0
2014-03-11,80.25690825,78.0645512988,78.534657,80.48654175,15.0,107262.22437057312,351504795.0
2014-03-12,78.7183638,78.07539,78.534657,78.534657,9.0,39842.836519932855,351504795.0
2014-03-13,81.1374149424,78.07539,78.99392399999999,78.534657,8.0,54335.49547431016,351504795.0
2014-03-14,79.912458,78.534657,78.7642905,78.99392399999999,11.0,55142.215748137794,351504795.0
2014-03-17,79.45319099999999,78.16724339999999,78.7642905,78.7642905,8.0,242193.5388347084,351504795.0
2014-03-18,78.7642905,78.07539,78.30502349999999,78.7642905,12.0,40572.259709493606,351504795.0
2014-03-19,79.43022764999999,78.28206014999999,78.7642905,78.30502349999999,14.0,78694.96393165631,351504795.0
2014-03-20,79.45319099999999,78.07539,78.534657,78.7642905,11.0,88265.64939349006,351504795.0
2014-03-21,78.99392399999999,78.07539,78.534657,78.534657,12.0,51657.3148081617,351504795.0
2014-03-24,79.43022764999999,78.07539,78.534657,78.534657,23.0,61253.040170532615,351504795.0
2014-03-25,78.534657,77.15685599999999,77.616123,78.534657,14.0,74060.40494962626,351504795.0
2014-03-26,77.98353660000001,75.779055,76.9272225,77.616123,12.0,118201.39483132906,351504795.0
2014-03-27,77.734613886,76.4679555,77.3864895,77.15685599999999,11.0,359170.15592237195,351504795.0
2014-03-28,77.73093974999999,76.697589,77.15685599999999,77.3864895,7.0,22079.748817136875,351504795.0
2014-03-31,77.3864895,76.697589,76.9272225,77.15685599999999,10.0,38969.70607511535,351504795.0
2014-04-01,76.90425914999999,76.238322,76.697589,76.9272225,18.0,58774.09001735375,351504795.0
2014-04-02,76.6516623,75.319788,75.779055,76.697589,16.0,79753.17190218327,351504795.0
2014-04-03,76.21995132,73.50109067999999,73.941987,75.779055,18.0,82417.19958107157,351504795.0
2014-04-04,75.319788,73.48272,74.86052099999999,73.941987,27.0,220043.0250812708,351504795.0
2014-04-07,74.97533775,73.941987,74.401254,74.86052099999999,24.0,169222.91390411244,351504795.0
2014-04-08,74.5849608,73.9879137,74.401254,74.401254,13.0,34353.65484565623,351504795.0
2014-04-09,74.86052099999999,74.1716205,74.401254,74.401254,9.0,27698.484759410105,351504795.0
2014-04-10,74.75948226,73.941987,74.401254,74.401254,14.0,169014.97386052122,351504795.0
2014-04-11,74.1716205,73.941987,74.401254,74.401254,6.0,198327.9878589144,351504795.0
2014-04-14,74.401254,73.941987,74.1716205,74.401254,10.0,53749.779540006144,351504795.0
2014-04-15,75.779055,73.941987,75.319788,74.1716205,14.0,79488.61990955153,351504795.0
2014-04-16,77.15685599999999,74.49310739999999,75.319788,75.319788,9.0,92790.25055142216,351504795.0
2014-04-17,76.238322,74.97533775,75.779055,75.319788,8.0,62004.23718664742,351504795.0
2014-04-22,76.697589,75.64127489999998,76.238322,75.779055,22.0,361806.96631806775,351504795.0
2014-04-23,77.15685599999999,75.319788,75.779055,76.238322,13.0,75578.04066044372,351504795.0
2014-04-24,75.779055,74.86052099999999,75.319788,75.779055,4.0,16145.29238982988,351504795.0
2014-04-25,75.779055,74.9523744,75.319788,75.319788,6.0,57027.82912771874,351504795.0
2014-04-28,75.779055,74.88348435,75.0901545,75.319788,4.0,24039.393207001594,351504795.0
2014-04-29,75.779055,74.86052099999999,75.0901545,75.0901545,3.0,26229.840158339262,351504795.0
2014-04-30,75.55860684,74.421921015,75.0901545,75.0901545,5.0,13667.430927978714,351504795.0
2014-05-01,75.244008945,74.401254,74.6308875,75.0901545,13.0,135539.89291632103,351504795.0
2014-05-02,78.07539,75.31060265999999,77.8457565,74.86052099999999,14.0,149581.83366102944,351504795.0
2014-05-05,,,,,,,
2014-05-06,78.07539,77.15685599999999,77.3864895,77.8457565,9.0,36679.09952162903,351504795.0
2014-05-07,77.15685599999999,77.15685599999999,77.3864895,77.3864895,1.0,458.3390489628038,351504795.0
2014-05-08,78.99392399999999,77.45078688,78.30502349999999,77.3864895,8.0,33316.132010355635,351504795.0
2014-05-09,78.30502349999999,77.64827168999999,78.07539,78.30502349999999,4.0,27955.415912747925,351504795.0
2014-05-12,78.30502349999999,78.07539,78.534657,78.07539,3.0,31712.48968464967,351504795.0
2014-05-13,78.99392399999999,78.07539,78.534657,78.534657,10.0,66785.76949791734,351504795.0
2014-05-14,79.89408732,78.98473865999999,78.99392399999999,78.534657,4.0,19214.31324262357,351504795.0
2014-05-15,79.912458,78.4428036,78.99392399999999,78.99392399999999,8.0,18609.00086442092,351504795.0
2014-05-16,80.830992,78.99392399999999,79.912458,78.99392399999999,12.0,63864.8106656912,351504795.0
2014-05-19,87.51791951999999,80.79425063999999,85.6532955,79.912458,62.0,636500.1186673547,351504795.0
2014-05-20,87.71999699999999,84.964395,85.6532955,85.6532955,40.0,429382.03702856944,351504795.0
2014-05-21,89.097798,85.67625885,86.342196,88.17926399999999,30.0,117824.70763194397,351504795.0
2014-05-22,91.8534,87.22398863999999,91.1644995,86.801463,172.0,825609.0683632833,351504795.0
2014-05-23,92.312667,89.8326252,90.7052325,91.1644995,101.0,456771.333450912,351504795.0
2014-05-26,,,,,,,
2014-05-27,92.312667,90.934866,91.6237665,90.7052325,61.0,867911.2585924964,351504795.0
2014-05-28,96.905337,91.69265655,95.7571695,91.6237665,74.0,294315.7248397991,351504795.0
2014-05-29,99.660939,95.6057950968,98.5127715,96.44607,67.0,302691.0272238153,351504795.0
2014-05-30,99.660939,98.283138,98.9720385,98.5127715,65.0,485536.7357114707,351504795.0
2014-06-02,100.4041248594,99.201672,99.660939,98.9720385,54.0,236026.102463273,351504795.0
2014-06-03,99.660939,97.823871,98.283138,99.4313055,38.0,112954.99132313012,351504795.0
2014-06-04,98.0994312,94.609002,96.56088675,98.283138,59.0,310999.91943684174,351504795.0
2014-06-05,97.364604,95.7571695,96.905337,96.56088675,46.0,442074.0005269266,351504795.0
2014-06-06,97.0890438,94.609002,95.527536,96.905337,35.0,148310.24219027278,351504795.0
2014-06-09,95.73420615,93.690468,94.609002,95.527536,28.0,89740.82614252712,351504795.0
2014-06-10,95.068269,91.394133,92.312667,94.609002,47.0,184763.98260706736,351504795.0
2014-06-11,93.34601775,91.58702514,93.0015675,92.312667,34.0,283012.93147559045,351504795.0
2014-06-12,94.149735,92.32185234,93.4608345,93.0015675,41.0,171856.45822582507,351504795.0
2014-06-13,93.4608345,92.771934,93.4608345,93.4608345,18.0,31352.132855180105,351504795.0
2014-06-16,93.690468,92.4963738,93.231201,93.231201,18.0,95555.52652378682,351504795.0
2014-06-17,93.690468,90.98538537,91.8534,93.231201,21.0,606725.4995460158,351504795.0
2014-06-18,92.0371068,90.01633199999999,90.475599,91.8534,28.0,109318.76228860336,351504795.0
2014-06-19,92.771934,90.2459655,91.8534,90.475599,35.0,150833.82868788744,351504795.0
2014-06-20,91.3022796,89.097798,90.01633199999999,91.8534,16.0,102114.89177319512,351504795.0
2014-06-23,90.475599,89.3274315,90.01633199999999,90.01633199999999,23.0,132633.08707135502,351504795.0
2014-06-24,90.6593058,89.20894061399999,90.01633199999999,90.01633199999999,17.0,113275.06657347469,351504795.0
2014-06-25,89.9244786,89.097798,89.7866985,90.01633199999999,9.0,27102.97060315677,351504795.0
2014-06-26,89.77292048999999,89.44224824999999,89.7866985,89.7866985,14.0,43385.438100277184,351504795.0
2014-06-27,90.00714665999999,89.557065,89.7866985,89.7866985,7.0,9581.572375110774,351504795.0
2014-06-30,93.690468,89.64891839999999,93.231201,89.7866985,45.0,403607.2698452099,351504795.0
2014-07-01,97.364604,94.149735,96.44607,94.149735,45.0,797585.0648968901,351504795.0
2014-07-02,97.364604,95.527536,96.2164365,96.44607,21.0,386782.6340668936,351504795.0
2014-07-03,96.44607,92.312667,93.0015675,96.2164365,32.0,202172.15693703227,351504795.0
2014-07-04,93.4149078,92.312667,93.0015675,93.0015675,20.0,47131.62495890191,351504795.0
2014-07-07,93.48379785,92.312667,92.771934,93.0015675,18.0,72593.93773121083,351504795.0
2014-07-08,93.34601775,92.312667,93.0015675,93.0015675,21.0,63324.8197671507,351504795.0
2014-07-09,93.1393476,92.312667,92.771934,93.0015675,12.0,37423.76438977763,351504795.0
2014-07-10,92.771934,90.934866,90.934866,93.0015675,14.0,73410.4562269878,351504795.0
2014-07-11,92.25755496,90.934866,91.1644995,91.8534,10.0,83436.21466380123,351504795.0
2014-07-14,91.37576232,90.01633199999999,91.1644995,91.1644995,13.0,74354.35160810596,351504795.0
2014-07-15,91.070349765,90.03929535,91.1644995,91.1644995,5.0,8533.16262653315,351504795.0
2014-07-16,91.0267194,90.01633199999999,90.2459655,91.1644995,13.0,49746.6615280436,351504795.0
2014-07-17,90.475599,89.11616867999999,90.01633199999999,90.2459655,9.0,45195.931778246646,351504795.0
2014-07-18,89.9244786,88.17926399999999,89.097798,90.01633199999999,18.0,67805.87327197469,351504795.0
2014-07-21,90.01633199999999,88.3629708,89.097798,89.097798,12.0,31582.93541665306,351504795.0
2014-07-22,89.450515056,88.28948808,89.097798,89.097798,7.0,48370.55568982749,351504795.0
2014-07-23,89.097798,87.26073,88.17926399999999,89.097798,14.0,52645.84653371568,351504795.0
2014-07-24,88.17926399999999,86.342196,87.26073,88.17926399999999,30.0,189091.53063468527,351504795.0
2014-07-25,87.8118504,86.43404939999999,87.26073,87.26073,15.0,85232.55535451056,351504795.0
2014-07-28,87.40769544,86.342196,87.26073,87.26073,17.0,74277.05452383908,351504795.0
2014-07-29,87.6740703,86.3881227,87.26073,87.26073,10.0,25752.99335680552,351504795.0
2014-07-30,91.8534,88.17926399999999,90.934866,87.26073,28.0,2007980.1074320604,351504795.0
2014-07-31,91.8534,90.628994178,91.8534,90.934866,11.0,56427.9602061546,351504795.0
2014-08-01,91.5778398,90.01633199999999,90.934866,91.8534,15.0,87506.83153808134,351504795.0
2014-08-04,91.6696932,89.3274315,90.475599,90.934866,14.0,57030.00651037414,351504795.0
2014-08-05,91.41250368,89.097798,90.7052325,90.475599,10.0,76862.6964271328,351504795.0
2014-08-06,91.8534,90.01633199999999,90.475599,91.8534,10.0,62329.75589363051,351504795.0
2014-08-07,89.097798,87.26073,88.638531,90.475599,13.0,84238.58017231806,351504795.0
2014-08-08,88.17926399999999,85.423662,87.71999699999999,88.638531,22.0,119352.14156471074,351504795.0
2014-08-11,88.17926399999999,87.35258339999999,87.9496305,87.71999699999999,11.0,82674.1307344094,351504795.0
2014-08-12,89.077590252,87.8577771,88.4088975,88.4088975,2.0,463.7825056013169,351504795.0
2014-08-13,89.04727863,89.04727863,88.4088975,88.4088975,2.0,1524.1678587836705,351504795.0
2014-08-14,90.475599,87.8577771,90.475599,88.4088975,13.0,66639.88486000519,351504795.0
2014-08-15,91.8534,90.2918922,91.394133,90.475599,19.0,225743.4128731217,351504795.0
2014-08-18,91.79828796,90.934866,91.394133,91.394133,11.0,33330.28499761577,351504795.0
2014-08-19,91.7615466,90.934866,90.934866,91.394133,15.0,86794.82740976382,351504795.0
2014-08-20,91.394133,90.03470268,90.934866,90.934866,13.0,100665.84361602292,351504795.0
2014-08-21,94.609002,90.934866,93.690468,90.934866,41.0,487947.0983110043,351504795.0
2014-08-22,96.44607,94.609002,95.527536,93.9201015,50.0,253680.3210332988,351504795.0
2014-08-25,,,,,,,
2014-08-26,98.283138,94.609002,96.905337,95.986803,67.0,1100013.717510729,351504795.0
2014-08-27,96.905337,94.609002,95.068269,96.905337,37.0,241664.4348494449,351504795.0
2014-08-28,94.8386355,92.771934,92.771934,94.8386355,15.0,81467.8607433149,351504795.0
2014-08-29,92.312667,90.49856235,91.6237665,92.771934,18.0,102611.3350186275,351504795.0
2014-09-01,91.5778398,90.01633199999999,91.394133,91.6237665,16.0,74158.3871691195,351504795.0
2014-09-02,91.6696932,89.097798,90.01633199999999,91.394133,12.0,63463.08356576893,351504795.0
2014-09-03,90.3765810348,88.17926399999999,88.638531,90.01633199999999,28.0,200521.7008842351,351504795.0
2014-09-04,88.50075089999999,87.71999699999999,87.9496305,88.638531,17.0,58694.61555043145,351504795.0
2014-09-05,90.01633199999999,87.26073,89.097798,87.9496305,45.0,673868.3597994195,351504795.0
2014-09-08,90.934866,87.4903635,88.638531,89.097798,14.0,229925.0762628276,351504795.0
2014-09-09,88.638531,85.423662,85.88292899999999,88.638531,28.0,230178.7413421822,351504795.0
2014-09-10,87.6281436,85.88292899999999,87.03109649999999,86.342196,21.0,98385.03528448592,351504795.0
2014-09-11,87.1229499,85.88292899999999,87.03109649999999,87.03109649999999,12.0,32017.32325640641,351504795.0
2014-09-12,87.22398863999999,86.22737925,87.26073,87.03109649999999,14.0,275016.4936736147,351504795.0
2014-09-15,88.17926399999999,87.03109649999999,87.9496305,87.71999699999999,50.0,323984.7409023509,351504795.0
2014-09-16,88.17926399999999,85.86455832,87.26073,86.801463,26.0,119194.28132219386,351504795.0
2014-09-17,87.3985101,85.6073688,86.801463,86.57182949999999,14.0,74887.81035868025,351504795.0
2014-09-18,87.4444368,85.6073688,85.88292899999999,86.801463,13.0,87960.81582173333,351504795.0
2014-09-19,87.26073,85.423662,86.801463,85.88292899999999,22.0,102500.28850320184,351504795.0
2014-09-22,89.557065,87.02191115999999,88.638531,89.097798,84.0,541889.5762160138,351504795.0
2014-09-23,87.75673836,86.342196,86.801463,88.638531,39.0,510081.2816945263,351504795.0
2014-09-24,87.26073,86.45701274999999,86.801463,86.801463,11.0,41175.39470504086,351504795.0
2014-09-25,90.934866,86.70960960000001,89.097798,86.801463,30.0,541503.0907946794,351504795.0
2014-09-26,90.01633199999999,88.73038439999999,89.3274315,89.097798,21.0,92768.4767248681,351504795.0
2014-09-29,92.771934,90.01633199999999,91.1644995,91.394133,51.0,680906.749233017,351504795.0
2014-09-30,92.771934,90.934866,91.8534,91.394133,17.0,186150.9753585605,351504795.0
2014-10-01,91.8534,89.24935611000001,90.475599,91.8534,13.0,99738.2786048203,351504795.0
2014-10-02,90.934866,89.2355781,90.2459655,90.475599,6.0,22356.27641437334,351504795.0
2014-10-03,89.3274315,89.3274315,90.01633199999999,90.01633199999999,1.0,19757.57021514718,351504795.0
2014-10-06,90.40670895,89.9244786,90.934866,90.475599,6.0,13100.222746245649,351504795.0
2014-10-07,91.394133,90.475599,90.475599,90.934866,7.0,75498.56619352142,351504795.0
2014-10-08,91.8534,90.16789011,91.1644995,90.934866,5.0,13872.104897586809,351504795.0
2014-10-09,91.26553824,90.01633199999999,90.934866,90.934866,8.0,25860.77379824808,351504795.0
2014-10-10,90.01633199999999,85.423662,86.801463,87.26073,35.0,255550.69273429184,351504795.0
2014-10-13,86.43404939999999,81.749526,81.9791595,86.801463,60.0,377889.11461089086,351504795.0
2014-10-14,82.52109456,75.89387175,78.99392399999999,80.6013585,83.0,530004.3329914843,351504795.0
2014-10-15,81.749526,78.99392399999999,79.912458,80.14209149999999,38.0,267554.6033135409,351504795.0
2014-10-16,80.72076791999999,77.15685599999999,78.07539,79.912458,42.0,234018.5556549893,351504795.0
2014-10-17,82.9436202,77.7998298,82.66806,78.07539,29.0,325008.1107503914,351504795.0
2014-10-20,90.92568066,82.9436202,90.475599,82.66806,67.0,591037.457513821,351504795.0
2014-10-21,91.73858325,90.01633199999999,90.934866,90.475599,37.0,296599.7992453192,351504795.0
2014-10-22,91.394133,90.475599,90.934866,90.934866,16.0,105398.38481754622,351504795.0
2014-10-23,91.8534,90.5215257,91.8534,90.934866,19.0,294921.03721800173,351504795.0
2014-10-24,91.8534,91.2104262,91.394133,91.394133,11.0,50869.10228690501,351504795.0
2014-10-27,93.231201,91.394133,92.5423005,91.394133,16.0,683216.9522304019,351504795.0
2014-10-28,93.1393476,91.394133,92.5423005,92.5423005,13.0,65635.02276453566,351504795.0
2014-10-29,95.8490229,91.8534,92.771934,92.5423005,35.0,206949.3344829914,351504795.0
2014-10-30,94.149735,91.96821675,93.4608345,92.771934,21.0,121377.1074342376,351504795.0
2014-10-31,94.03491825,92.312667,93.4608345,93.4608345,11.0,45818.66321769254,351504795.0
2014-11-03,93.690468,92.312667,92.771934,93.4608345,20.0,78920.32303649076,351504795.0
2014-11-04,92.771934,91.8534,92.771934,92.771934,14.0,63011.27666477235,351504795.0
2014-11-05,92.312667,90.934866,91.8534,92.312667,22.0,326242.6867160062,351504795.0
2014-11-06,94.609002,92.66170992,93.690468,91.8534,9.0,91662.36633592224,351504795.0
2014-11-07,100.00538925,94.9764156,98.283138,93.690468,60.0,446569.20701901073,351504795.0
2014-11-10,103.977589533,98.52195684,100.3498395,98.742405,104.0,712872.9039970214,351504795.0
2014-11-11,101.3143002,99.660939,101.03874,100.3498395,39.0,230445.4707174693,351504795.0
2014-11-12,101.03874,100.0283526,100.120206,101.03874,16.0,38903.29590412549,351504795.0
2014-11-13,100.120206,96.0327297,98.0535045,100.120206,33.0,195318.8450291443,351504795.0
2014-11-14,98.07646785,96.905337,97.5942375,,19.0,169114.04477134216,351504795.0
2014-11-17,97.52534745,94.609002,95.527536,97.5942375,26.0,137921.94954133435,351504795.0
2014-11-18,95.3438292,93.231201,93.690468,95.527536,22.0,79525.63541469342,351504795.0
2014-11-19,94.149735,93.231201,93.4608345,93.9201015,14.0,58947.19193845846,351504795.0
2014-11-20,93.690468,90.934866,92.0830335,93.231201,50.0,307570.54175457853,351504795.0
2014-11-21,92.312667,90.960125685,92.0830335,92.0830335,33.0,513483.44209359697,351504795.0
2014-11-24,92.0830335,91.394133,92.0830335,92.0830335,16.0,341652.0237683091,351504795.0
2014-11-25,91.94525339999998,89.557065,91.8534,92.0830335,20.0,223857.7994935408,351504795.0
2014-11-26,91.67428587,90.475599,91.1644995,91.8534,15.0,52553.30777086096,351504795.0
2014-11-27,91.67428587,90.475599,91.1644995,91.1644995,20.0,59071.30274981656,351504795.0
2014-11-28,91.67428587,90.01633199999999,90.934866,91.1644995,22.0,63293.247718647326,351504795.0
2014-12-01,90.934866,90.01633199999999,90.7052325,90.934866,5.0,138581.69648592215,351504795.0
2014-12-02,90.934866,87.71999699999999,88.86816449999999,90.7052325,29.0,92233.92928296611,351504795.0
2014-12-03,89.3274315,87.26073,88.4088975,88.86816449999999,7.0,59225.89691835033,351504795.0
2014-12-04,88.17926399999999,86.36515935,88.17926399999999,88.4088975,11.0,26954.90858258921,351504795.0
2014-12-05,88.17926399999999,87.26073,88.17926399999999,88.17926399999999,13.0,94473.36734405042,351504795.0
2014-12-08,92.4045204,88.52371425,89.90151525,89.097798,57.0,393155.8330992647,351504795.0
2014-12-09,92.771934,90.01633199999999,91.6237665,89.90151525,88.0,330687.813407016,351504795.0
2014-12-10,91.8534,89.557065,91.394133,91.6237665,31.0,251089.2356733665,351504795.0
2014-12-11,91.394133,90.53071104,91.394133,91.394133,18.0,42560.2100738786,351504795.0
2014-12-12,91.394133,90.5215257,90.475599,91.394133,14.0,85533.03416095648,351504795.0
2014-12-15,92.771934,90.475599,91.8534,90.475599,46.0,428653.7025303364,351504795.0
2014-12-16,92.29429632,89.2815048,90.2459655,91.8534,27.0,130454.61572462208,351504795.0
2014-12-17,90.3378189,89.57084300999999,90.36078225,90.2459655,5.0,5694.944335212414,351504795.0
2014-12-18,91.50894975,90.3378189,91.1644995,90.36078225,11.0,59976.00524313744,351504795.0
2014-12-19,91.08183144,89.11157601,89.7866985,91.1644995,15.0,68176.02832339359,351504795.0
2014-12-22,90.475599,89.30446814999999,90.2459655,89.7866985,15.0,59862.78134505636,351504795.0
2014-12-23,91.18746285,90.475599,90.7052325,90.2459655,12.0,53694.25628229331,351504795.0
2014-12-24,91.94525339999998,90.934866,91.394133,90.7052325,6.0,22209.303085133484,351504795.0
2014-12-29,92.771934,90.475599,91.1644995,91.394133,7.0,16765.846446620377,351504795.0
2014-12-30,91.394133,90.475599,91.1644995,91.1644995,6.0,38215.24298501743,351504795.0
2014-12-31,90.475599,90.475599,91.394133,91.1644995,3.0,7545.719592306872,351504795.0
2015-01-02,92.1289602,90.934866,91.8534,91.394133,10.0,14372.902908330014,351504795.0
2015-01-05,92.312667,90.934866,91.8534,91.8534,14.0,95319.28050567536,351504795.0
2015-01-06,92.2208136,90.934866,91.1644995,91.8534,27.0,2078786.414003184,351504795.0
2015-01-07,91.8534,90.54448905,91.394133,91.394133,13.0,1379081.2316147252,351504795.0
2015-01-08,91.394133,90.49396968,91.394133,91.394133,8.0,72566.72044801826,351504795.0
2015-01-09,91.87177068,90.475599,91.394133,91.6237665,13.0,196197.41893060028,351504795.0
2015-01-12,91.8534,88.17926399999999,89.097798,91.394133,43.0,256901.7586719708,351504795.0
2015-01-13,89.7866985,83.127327,84.73476149999999,89.097798,89.0,518541.50200210337,351504795.0
2015-01-14,85.28588189999999,81.33618569999999,82.43842649999999,84.73476149999999,51.0,272136.9051118413,351504795.0
2015-01-15,82.9436202,80.371725,81.29025899999999,82.43842649999999,26.0,129703.41870850726,351504795.0
2015-01-16,82.208793,78.07539,78.7642905,81.29025899999999,51.0,551255.5877082394,351504795.0
2015-01-19,81.749526,78.07539,81.0606255,78.7642905,47.0,308973.8648759872,351504795.0
2015-01-20,82.3924998,81.29025899999999,82.208793,81.5198925,33.0,141070.44486105035,351504795.0
2015-01-21,84.2754945,81.80463804,84.2754945,82.208793,32.0,381448.0465611507,351504795.0
2015-01-22,84.964395,81.29025899999999,81.749526,84.2754945,26.0,143637.5790117731,351504795.0
2015-01-23,83.58659399999999,81.29025899999999,81.749526,81.749526,27.0,139588.73596404705,351504795.0
2015-01-26,82.66806,80.830992,82.208793,81.749526,18.0,95161.42026315848,351504795.0
2015-01-27,82.66806,80.830992,82.208793,82.208793,19.0,262063.2442566089,351504795.0
2015-01-28,82.66806,82.208793,82.208793,82.208793,11.0,147728.88102127958,351504795.0
2015-01-29,87.26073,82.19042232,86.801463,82.208793,37.0,197096.67796728265,351504795.0
2015-01-30,86.801463,85.6532955,86.1125625,86.801463,27.0,438002.2949613189,351504795.0
2015-02-02,88.32071823599999,86.342196,86.57182949999999,86.1125625,20.0,81402.53926365274,351504795.0
2015-02-03,86.81983367999999,85.423662,85.423662,86.57182949999999,18.0,54735.04519157702,351504795.0
2015-02-04,86.342196,84.964395,85.6532955,85.423662,31.0,494705.6940733822,351504795.0
2015-02-05,86.342196,85.2399552,86.342196,85.6532955,10.0,97259.32845164144,351504795.0
2015-02-06,90.01633199999999,86.342196,89.097798,86.342196,31.0,166249.69788815657,351504795.0
2015-02-09,90.934866,88.28948808,89.097798,89.097798,22.0,121012.39583945724,351504795.0
2015-02-10,89.2355781,88.17926399999999,88.638531,89.097798,7.0,39625.09825439232,351504795.0
2015-02-11,89.097798,87.71999699999999,88.4088975,88.638531,7.0,24523.86084782926,351504795.0
2015-02-12,88.8222378,87.71999699999999,88.4088975,88.4088975,10.0,29262.934197318773,351504795.0
2015-02-13,88.75334775,87.71999699999999,88.4088975,88.4088975,14.0,102908.54775109031,351504795.0
2015-02-16,88.75334775,86.342196,86.801463,88.4088975,24.0,140084.09051815176,351504795.0
2015-02-17,86.9851698,86.342196,86.801463,86.801463,8.0,23559.280331484737,351504795.0
2015-02-18,86.9851698,86.3881227,86.801463,86.801463,9.0,18626.41992566416,351504795.0
2015-02-19,88.5466776,86.3881227,88.17926399999999,86.801463,26.0,113230.43022903887,351504795.0
2015-02-20,89.557065,87.9037038,88.86816449999999,88.17926399999999,15.0,54835.20479372566,351504795.0
2015-02-23,89.557065,88.17926399999999,88.86816449999999,88.86816449999999,9.0,44710.37544609128,351504795.0
2015-02-24,89.54328699,87.71999699999999,87.9496305,88.86816449999999,9.0,54223.36026755678,351504795.0
2015-02-25,90.475599,87.74755302,88.86816449999999,87.9496305,23.0,159499.81165640033,351504795.0
2015-02-26,88.35837812999999,85.5155154,85.88292899999999,88.86816449999999,21.0,203650.59976005243,351504795.0
2015-02-27,86.70960960000001,85.423662,86.342196,86.342196,13.0,379025.7083570124,351504795.0
2015-03-02,86.9851698,85.62573948,86.342196,86.342196,14.0,495909.7866818213,351504795.0
2015-03-03,86.801463,85.423662,85.88292899999999,86.342196,13.0,190019.09564588792,351504795.0
2015-03-04,86.15848919999999,85.43284734,85.88292899999999,85.88292899999999,11.0,25395.90260131906,351504795.0
2015-03-05,85.84618764,84.964395,85.6532955,85.88292899999999,12.0,58943.92586447535,351504795.0
2015-03-06,85.8370023,85.14810179999999,85.6532955,85.6532955,5.0,14238.99387502259,351504795.0
2015-03-09,86.0666358,85.423662,85.88292899999999,85.6532955,14.0,92575.77835986477,351504795.0
2015-03-10,85.9747824,85.423662,85.88292899999999,85.88292899999999,7.0,27108.414059795283,351504795.0
2015-03-11,85.9747824,84.964395,85.88292899999999,85.88292899999999,15.0,71190.61460980214,351504795.0
2015-03-12,86.0666358,85.07461908,85.88292899999999,85.88292899999999,4.0,2326.533367300503,351504795.0
2015-03-13,86.0666358,84.964395,85.88292899999999,85.88292899999999,7.0,139508.17280579708,351504795.0
2015-03-16,85.99315308,84.964395,85.88292899999999,85.88292899999999,7.0,15706.549784765724,351504795.0
2015-03-17,86.0666358,84.964395,85.88292899999999,85.88292899999999,8.0,54855.889928952005,351504795.0
2015-03-18,85.88292899999999,84.964395,85.88292899999999,85.88292899999999,6.0,16971.60910755617,351504795.0
2015-03-19,85.6992222,84.964395,85.88292899999999,85.88292899999999,12.0,96186.96749385436,351504795.0
2015-03-20,85.47877404,84.045861,84.2754945,85.88292899999999,18.0,77805.50311692327,351504795.0
2015-03-23,84.505128,83.62792802999999,84.2754945,84.2754945,21.0,84307.16772596333,351504795.0
2015-03-24,84.0917877,81.78397102499999,82.43842649999999,84.2754945,25.0,198429.23615239063,351504795.0
2015-03-25,83.127327,80.906771055,81.5198925,82.43842649999999,28.0,111910.93633986331,351504795.0
2015-03-26,82.64509664999999,81.9791595,82.208793,81.5198925,10.0,27756.185399778344,351504795.0
2015-03-27,82.63131863999999,81.83219406,82.208793,82.208793,8.0,23407.95223693407,351504795.0
2015-03-30,82.390203465,80.92284539999999,81.749526,82.208793,18.0,54940.80785251281,351504795.0
2015-03-31,83.00791758,80.371725,82.208793,81.749526,14.0,77401.5986343456,351504795.0
2015-04-01,82.3924998,81.749526,82.208793,82.208793,7.0,111570.17595429238,351504795.0
2015-04-02,82.3924998,81.29025899999999,81.9791595,82.208793,15.0,66986.08870221462,351504795.0
2015-04-06,,,,,,,
2015-04-07,82.30064639999999,79.912458,80.371725,81.9791595,36.0,138633.95366965188,351504795.0
2015-04-08,81.0146988,79.50830304,80.371725,80.371725,15.0,65282.286774360015,351504795.0
2015-04-09,80.3875237848,79.45319099999999,80.830992,80.371725,14.0,72828.00636666689,351504795.0
2015-04-10,80.830992,79.912458,81.29025899999999,80.830992,6.0,11805.768757607231,351504795.0
2015-04-13,81.03306948,78.534657,80.830992,81.29025899999999,13.0,89751.71305580414,351504795.0
2015-04-14,81.75421052339999,80.02727475,80.6013585,81.9791595,41.0,265796.3668193012,351504795.0
2015-04-15,80.5554318,78.99392399999999,79.45319099999999,80.6013585,31.0,76140.89407686597,351504795.0
2015-04-16,79.3613376,77.616123,78.30502349999999,79.45319099999999,34.0,215274.55706593333,351504795.0
2015-04-17,78.30502349999999,77.616123,78.30502349999999,78.30502349999999,18.0,51455.90691253672,351504795.0
2015-04-20,78.07539,76.697589,77.8457565,78.30502349999999,26.0,198589.2737775629,351504795.0
2015-04-21,80.830992,78.1213167,80.830992,77.8457565,67.0,456994.51517309103,351504795.0
2015-04-22,81.749526,80.14209149999999,81.0606255,80.830992,25.0,158183.58384120784,351504795.0
2015-04-23,81.29025899999999,79.912458,80.830992,81.0606255,19.0,102613.51240128292,351504795.0
2015-04-24,80.94580875,80.00431139999999,80.830992,80.830992,17.0,193576.93890482007,351504795.0
2015-04-27,81.56581919999999,80.371725,80.830992,80.830992,18.0,98910.8731957663,351504795.0
2015-04-28,81.749526,81.1065522,81.29025899999999,80.830992,7.0,25358.88709617717,351504795.0
2015-04-29,81.86434274999999,80.92284539999999,81.749526,81.29025899999999,10.0,37436.82868571005,351504795.0
2015-04-30,82.1169396,81.21677628,81.749526,81.749526,9.0,19524.59027101882,351504795.0
2015-05-01,82.1169396,80.830992,81.749526,81.749526,11.0,75756.58603818694,351504795.0
2015-05-04,,,,,,,
2015-05-05,82.1169396,81.33618569999999,81.749526,81.749526,16.0,37592.511545571535,351504795.0
2015-05-06,83.127327,81.749526,82.66806,81.749526,17.0,75452.84115775791,351504795.0
2015-05-07,83.58659399999999,82.22716367999999,82.66806,82.66806,14.0,39941.90743075379,351504795.0
2015-05-08,83.58659399999999,81.749526,82.66806,82.66806,15.0,60980.86733860696,351504795.0
2015-05-11,82.66806,81.85975008,82.66806,82.66806,8.0,27210.75104459933,351504795.0
2015-05-12,83.2099032066,82.208793,82.8976935,82.66806,9.0,31686.36109278481,351504795.0
2015-05-13,84.96438581465999,82.8976935,84.2754945,82.8976935,21.0,313005.28886247,351504795.0
2015-05-14,89.097798,84.505128,88.17926399999999,84.505128,34.0,226992.14182599663,351504795.0
2015-05-15,89.097798,86.61775619999999,86.801463,88.17926399999999,23.0,390356.8076957413,351504795.0
2015-05-18,86.9851698,86.342196,86.801463,86.801463,9.0,108614.37899957976,351504795.0
2015-05-19,87.26073,86.342196,86.801463,86.801463,7.0,194194.22688762748,351504795.0
2015-05-20,86.9392431,86.342196,86.342196,86.801463,4.0,14470.885127823249,351504795.0
2015-05-21,86.342196,84.505128,85.423662,86.342196,16.0,222557.90204826387,351504795.0
2015-05-22,85.6073688,84.6888348,85.423662,85.423662,7.0,29284.708023872823,351504795.0
2015-05-25,,,,,,,
2015-05-26,88.17926399999999,84.7806882,87.9496305,85.423662,33.0,199019.30685200548,351504795.0
2015-05-27,89.53869432,87.95881584,88.4088975,87.9496305,19.0,59514.40012019152,351504795.0
2015-05-28,88.8222378,86.89331639999999,87.4903635,88.4088975,13.0,56064.33730270192,351504795.0
2015-05-29,90.01633199999999,87.03109649999999,88.86816449999999,87.4903635,24.0,73410.4562269878,351504795.0
2015-06-01,93.1669954734,88.6455118584,91.394133,88.86816449999999,52.0,239365.11876533696,351504795.0
2015-06-02,91.8534,86.89331639999999,90.934866,91.394133,70.0,433412.37232372456,351504795.0
2015-06-03,97.6860909,90.01633199999999,95.87198625,91.1644995,181.0,1746905.394901005,351504795.0
2015-06-04,97.230498036,96.28532655,96.905337,95.87198625,84.0,374670.9430462019,351504795.0
2015-06-05,96.9512637,94.49418525,95.527536,96.905337,52.0,272922.94025044254,351504795.0
2015-06-08,96.44607,94.7467821,95.64235275,95.527536,32.0,212131.50520285583,351504795.0
2015-06-09,96.44607,95.3438292,95.7571695,95.64235275,22.0,171710.57358791292,351504795.0
2015-06-10,96.44607,94.5171486,95.527536,95.7571695,20.0,425339.7261288096,351504795.0
2015-06-11,95.8490229,94.67789205,95.2979025,95.527536,21.0,77816.3900302003,351504795.0
2015-06-12,95.80768887,93.690468,94.8386355,95.2979025,15.0,78725.44728883199,351504795.0
2015-06-15,95.527536,93.7824132534,94.609002,94.8386355,16.0,37851.62008156475,351504795.0
2015-06-16,96.9971904,93.72720936,95.068269,95.068269,29.0,107472.34179681972,351504795.0
2015-06-17,95.57345351466,94.2416802534,94.609002,95.068269,19.0,102097.47271195188,351504795.0
2015-06-18,95.068269,93.690468,94.149735,94.609002,17.0,142915.77666150627,351504795.0
2015-06-19,94.149735,93.690468,94.149735,94.149735,14.0,76009.16242621395,351504795.0
2015-06-22,98.0075778,95.7571695,97.02015375,95.7571695,181.0,841695.5714214172,351504795.0
2015-06-23,97.8236872932,96.8134836,97.47942075,97.1349705,58.0,187860.2207430536,351504795.0
2015-06-24,97.881738642,97.4564574,97.70905425,97.47942075,34.0,115074.67333816712,351504795.0
2015-06-25,98.0535045,97.46564274,97.70905425,97.70905425,28.0,68650.69774227192,351504795.0
2015-06-26,98.0075778,97.1351542068,97.02015375,97.70905425,35.0,82396.51444584523,351504795.0
2015-06-29,97.03393176,94.3793685,95.41271925,97.1349705,36.0,276519.976397172,351504795.0
2015-06-30,96.4458862932,94.609002,94.95345225,95.41271925,23.0,61072.317410133975,351504795.0
2015-07-01,95.7112428,95.068269,95.18308575,94.95345225,23.0,56511.78943838769,351504795.0
2015-07-02,96.3082899,95.2979025,95.7571695,95.18308575,29.0,180647.6406970237,351504795.0
2015-07-03,97.364604,95.4816093,96.905337,95.7571695,33.0,172827.5708901358,351504795.0
2015-07-06,97.2727506,96.6757035,96.905337,96.905337,17.0,74317.33610296408,351504795.0
2015-07-07,97.2727506,96.44607,96.905337,96.905337,12.0,65640.46622117418,351504795.0
2015-07-08,97.2727506,96.44607,96.905337,96.905337,13.0,88422.42094467924,351504795.0
2015-07-09,97.98920712,97.0890438,97.823871,96.905337,17.0,601399.6215708945,351504795.0
2015-07-10,98.9261118,97.5942375,97.5942375,97.823871,24.0,106991.14022997516,351504795.0
2015-07-13,98.9261118,98.8342584,98.5127715,98.5127715,6.0,25124.818460721108,351504795.0
2015-07-14,99.0179652,96.1705098,96.44607,98.5127715,21.0,132631.9983800273,351504795.0
2015-07-15,97.0890438,95.63776008,96.6757035,96.44607,23.0,40738.82948263211,351504795.0
2015-07-16,97.30030662,96.06947106,97.1349705,96.6757035,15.0,36895.74909584186,351504795.0
2015-07-17,97.76875896,96.96044904,97.364604,97.1349705,13.0,34560.50619791973,351504795.0
2015-07-20,97.7320176,97.01556108,97.5942375,97.364604,8.0,106436.99634417452,351504795.0
2015-07-21,97.5942375,97.364604,97.5942375,97.5942375,8.0,34890.379670213624,351504795.0
2015-07-22,97.53453279,96.905337,97.364604,97.5942375,8.0,15115.390393823202,351504795.0
2015-07-23,97.364604,95.986803,96.6757035,97.364604,15.0,90459.36241881084,351504795.0
2015-07-24,97.1349705,95.986803,96.6757035,96.6757035,9.0,38535.318235362,351504795.0
2015-07-27,97.3186773,95.527536,95.986803,96.6757035,14.0,48008.02147770252,351504795.0
2015-07-28,95.986803,94.149735,94.609002,95.986803,22.0,167106.49796305853,351504795.0
2015-07-29,94.5630753,94.149735,94.609002,94.609002,7.0,27660.380562940514,351504795.0
2015-07-30,94.2415884,94.1956617,94.609002,94.609002,2.0,13044.699488532817,351504795.0
2015-07-31,94.49418525,94.149735,94.609002,94.609002,16.0,148989.5855787592,351504795.0
2015-08-03,94.609002,94.149735,94.609002,94.609002,27.0,192005.9573189452,351504795.0
2015-08-04,94.35640515,92.38155705,93.0015675,94.609002,28.0,980079.1260856974,351504795.0
2015-08-05,93.0015675,91.41709635,92.19785025,93.0015675,31.0,164002.63898777837,351504795.0
2015-08-06,93.5067612,91.8534,93.0015675,93.0015675,17.0,90385.33140852708,351504795.0
2015-08-07,92.771934,91.78450995,92.312667,92.19785025,14.0,89690.7463414528,351504795.0
2015-08-10,91.86258534,90.01633199999999,90.475599,92.312667,33.0,233118.2079269793,351504795.0
2015-08-11,91.5778398,89.89690420932,91.1644995,89.7866985,47.0,342075.5246947854,351504795.0
2015-08-12,90.65012046,90.04388802,90.475599,91.1644995,9.0,30336.38384643356,351504795.0
2015-08-13,90.3378189,89.0979817068,89.557065,90.475599,33.0,178832.79225374348,351504795.0
2015-08-14,90.475599,88.3170441,88.86816449999999,89.557065,22.0,111170.62623702551,351504795.0
2015-08-17,89.14372469999999,86.801463,87.71999699999999,88.86816449999999,66.0,746727.9382145898,351504795.0
2015-08-18,88.17908029319999,87.71999699999999,87.71999699999999,87.71999699999999,23.0,64528.9123755898,351504795.0
2015-08-19,87.9496305,87.26073,87.60518024999999,87.71999699999999,16.0,69241.85713321445,351504795.0
2015-08-20,87.502304442,87.26073,87.60518024999999,87.60518024999999,14.0,450681.1941637435,351504795.0
2015-08-21,87.26073,82.66806,82.8976935,87.60518024999999,56.0,272906.609880527,351504795.0
2015-08-24,82.8976935,76.697589,79.45319099999999,82.8976935,82.0,427006.5125515224,351504795.0
2015-08-25,81.5198925,78.99392399999999,81.29025899999999,79.45319099999999,59.0,1604751.702168891,351504795.0
2015-08-26,81.50152182,79.52667371999999,80.371725,81.29025899999999,23.0,354834.9870554601,351504795.0
2015-08-27,83.70141075,81.4739658,82.8976935,80.371725,44.0,259458.00590941653,351504795.0
2015-08-28,83.0354736,82.40168514,82.8976935,82.8976935,10.0,19388.50385505599,351504795.0
2015-08-31,,,,,,,
2015-09-01,83.127327,82.30064639999999,82.78287675,82.78287675,20.0,107698.78959298186,351504795.0
2015-09-02,82.88850815999999,82.31901708,82.78287675,82.78287675,11.0,81609.39061591623,351504795.0
2015-09-03,82.840744392,82.208793,82.43842649999999,82.78287675,12.0,66797.74510252207,351504795.0
2015-09-04,82.52109456,82.208793,82.208793,82.43842649999999,8.0,48417.3694169187,351504795.0
2015-09-07,83.3110338,82.4843532,82.8976935,82.43842649999999,17.0,246097.58593585,351504795.0
2015-09-08,85.9288557,83.30873746500001,85.88292899999999,82.8976935,38.0,223405.9925925442,351504795.0
2015-09-09,87.0770232,85.6073688,86.57182949999999,85.88292899999999,16.0,114683.83315152187,351504795.0
2015-09-10,87.26073,86.70960960000001,86.801463,86.57182949999999,11.0,117413.18231007236,351504795.0
2015-09-11,87.1229499,86.5259028,86.801463,86.801463,4.0,10824.857871347169,351504795.0
2015-09-14,87.26073,86.574585102,86.801463,86.801463,8.0,75738.078285616,351504795.0
2015-09-15,87.26073,86.342196,86.801463,86.801463,13.0,296005.3737803936,351504795.0
2015-09-16,87.0770232,85.771786386,86.68664625,86.801463,17.0,208147.983634792,351504795.0
2015-09-17,87.1688766,86.377100292,86.68664625,86.68664625,8.0,41573.85573098002,351504795.0
2015-09-18,87.03109649999999,86.45242008,86.68664625,86.68664625,13.0,207959.6400350994,351504795.0
2015-09-21,87.03109649999999,86.45242008,86.68664625,86.68664625,16.0,42301.10153788537,351504795.0
2015-09-22,86.57182949999999,86.342196,86.68664625,86.68664625,15.0,143962.0090274285,351504795.0
2015-09-23,86.801463,86.38353003,86.68664625,86.801463,9.0,21345.970862265305,351504795.0
2015-09-24,86.68664625,86.38353003,86.68664625,86.68664625,6.0,16882.336418684557,351504795.0
2015-09-25,86.68664625,86.38353003,86.68664625,86.68664625,12.0,92733.63860238164,351504795.0
2015-09-28,86.70960960000001,86.342196,86.68664625,86.68664625,20.0,136415.20074379392,351504795.0
2015-09-29,87.37554675,86.3881227,87.37554675,86.801463,29.0,698847.2936222285,351504795.0
2015-09-30,87.26073,86.44323474,86.801463,87.37554675,13.0,169210.9382995077,351504795.0
2015-10-01,86.70960960000001,86.42486406,86.801463,86.801463,11.0,65175.59502424516,351504795.0
2015-10-02,86.57182949999999,86.342196,86.801463,86.801463,2.0,2598.7061992261583,351504795.0
2015-10-05,87.26073,86.43404939999999,86.801463,86.801463,19.0,1127182.009593548,351504795.0
2015-10-06,87.0770232,85.423662,85.76811225,86.801463,21.0,91652.56811397291,351504795.0
2015-10-07,85.88292899999999,85.423662,85.76811225,85.76811225,9.0,88972.21006516907,351504795.0
2015-10-08,85.72677822,84.84957825,85.423662,85.53847875,10.0,24659.947263792088,351504795.0
2015-10-09,85.72677822,84.73476149999999,85.423662,85.423662,7.0,20128.813957893773,351504795.0
2015-10-12,85.30884524999999,84.2754945,84.84957825,85.423662,15.0,80473.8855611224,351504795.0
2015-10-13,84.2754945,83.58659399999999,84.045861,84.84957825,8.0,94540.86620636798,351504795.0
2015-10-14,84.2295678,83.65548405,84.045861,84.045861,11.0,55174.87648796888,351504795.0
2015-10-15,84.2295678,83.6784474,84.045861,84.045861,5.0,10063.862633283035,351504795.0
2015-10-16,84.045861,83.5908192564,84.045861,84.045861,16.0,49003.08535122271,351504795.0
2015-10-19,84.02749032,82.643259582,83.127327,84.045861,17.0,162486.09196828862,351504795.0
2015-10-20,82.75991339999999,80.830992,82.208793,83.127327,29.0,151016.7288309415,351504795.0
2015-10-21,82.43842649999999,80.830992,81.29025899999999,82.43842649999999,24.0,147950.9740521309,351504795.0
2015-10-22,81.27188832,79.912458,80.14209149999999,81.29025899999999,24.0,130245.58698970317,351504795.0
2015-10-23,80.371725,79.06281405,80.14209149999999,80.14209149999999,23.0,170078.62528768668,351504795.0
2015-10-26,80.5554318,79.10874075,79.6828245,80.14209149999999,35.0,225741.23549046635,351504795.0
2015-10-27,79.912458,78.09376067999999,78.99392399999999,79.6828245,27.0,79786.92133334205,351504795.0
2015-10-28,79.45319099999999,78.07539,78.534657,78.99392399999999,25.0,329496.7850945093,351504795.0
2015-10-29,78.55762035000001,76.238322,76.697589,78.7642905,36.0,189872.12231664805,351504795.0
2015-10-30,76.9272225,74.401254,76.238322,76.9272225,58.0,208874.1407503696,351504795.0
2015-11-02,76.238322,74.401254,75.5494215,76.238322,12.0,90547.54641635476,351504795.0
2015-11-03,75.5494215,72.3345525,72.3345525,75.5494215,39.0,730911.4306057261,351504795.0
2015-11-04,74.401254,72.3345525,73.71235349999999,72.67900275,55.0,754856.1076672176,351504795.0
2015-11-05,80.371725,72.56418599999999,80.371725,73.023453,110.0,1453652.232797044,351504795.0
2015-11-06,84.41327460000001,81.749526,82.43842649999999,80.6013585,185.0,1292070.8433220764,351504795.0
2015-11-09,84.505128,82.275386715,83.127327,82.43842649999999,78.0,644858.0019901277,351504795.0
2015-11-10,83.58659399999999,82.71398669999999,83.127327,83.127327,27.0,98460.15498609742,351504795.0
2015-11-11,83.29266312,82.66806,82.43842649999999,83.127327,22.0,128913.02880459516,351504795.0
2015-11-12,83.0354736,81.9332328,82.43842649999999,82.43842649999999,29.0,690409.9358325332,351504795.0
2015-11-13,82.32360975,81.33618569999999,81.749526,82.66806,26.0,107430.97152636702,351504795.0
2015-11-16,82.30064639999999,81.33618569999999,81.9791595,81.749526,15.0,64598.58862056277,351504795.0
2015-11-17,82.43842649999999,81.4739658,81.9791595,81.9791595,11.0,71662.01795469738,351504795.0
2015-11-18,82.30064639999999,80.888400375,81.0606255,81.9791595,18.0,125563.12558925418,351504795.0
2015-11-19,81.1065522,80.0502381,80.371725,81.0606255,14.0,74457.77728423772,351504795.0
2015-11-20,81.56581919999999,80.0961648,81.29025899999999,80.371725,19.0,119793.06155243028,351504795.0
2015-11-23,82.66806,81.4739658,82.208793,81.29025899999999,22.0,218293.4981176527,351504795.0
2015-11-24,82.66806,81.749526,82.09397625,82.208793,12.0,65909.37297911673,351504795.0
2015-11-25,82.43842649999999,81.7497097068,82.09397625,82.09397625,9.0,10032.29058477966,351504795.0
2015-11-26,82.208793,81.749526,82.09397625,82.09397625,12.0,94090.14799669907,351504795.0
2015-11-27,82.208793,81.749526,81.9791595,82.09397625,14.0,26816.64478397098,351504795.0
2015-11-30,81.7954527,78.99392399999999,79.45319099999999,81.9791595,21.0,145122.55398275948,351504795.0
2015-12-01,80.48654175,77.3405628,79.6828245,78.7642905,43.0,287906.59899361373,351504795.0
2015-12-02,79.6828245,78.07539,78.534657,79.6828245,22.0,122982.92714259896,351504795.0
2015-12-03,78.5344732932,77.616123,77.8457565,78.534657,30.0,236173.0757925129,351504795.0
2015-12-04,78.0294633,76.83536910000001,77.15685599999999,77.8457565,26.0,213761.2761204267,351504795.0
2015-12-07,77.15685599999999,75.779055,76.4679555,77.15685599999999,29.0,262505.2529356562,351504795.0
2015-12-08,76.4679555,73.941987,74.6308875,76.4679555,19.0,153039.51731781295,351504795.0
2015-12-09,74.29102992,73.0693797,73.48272,74.6308875,24.0,94103.21229263152,351504795.0
2015-12-10,73.75828019999999,71.645652,72.7938195,73.48272,26.0,185450.9468348477,351504795.0
2015-12-11,73.2071598,72.92700692999999,73.023453,72.7938195,10.0,37972.46481893975,351504795.0
2015-12-14,73.48272,72.56418599999999,73.023453,73.023453,20.0,246896.6853703837,351504795.0
2015-12-15,73.023453,72.56418599999999,73.023453,73.023453,11.0,110405.27623365058,351504795.0
2015-12-16,73.18419644999999,72.16003103999999,72.7938195,73.023453,15.0,57623.34328397207,351504795.0
2015-12-17,72.56418599999999,72.104919,72.56418599999999,72.7938195,19.0,120282.97264989647,351504795.0
2015-12-18,72.56418599999999,72.104919,72.56418599999999,72.56418599999999,13.0,54528.19383931352,351504795.0
2015-12-21,72.56418599999999,65.215914,66.3640815,72.56418599999999,115.0,738670.5336982626,351504795.0
2015-12-22,68.43078299999999,62.001045,68.08633275,66.3640815,132.0,1289532.015145874,351504795.0
2015-12-23,72.56418599999999,67.971516,71.8752855,68.08633275,73.0,540594.0335360477,351504795.0
2015-12-24,73.48272,71.645652,73.2530865,71.645652,15.0,77845.78469604827,351504795.0
2015-12-28,,,,,,,
2015-12-29,76.238322,73.48272,75.779055,73.2530865,37.0,236051.14236381016,351504795.0
2015-12-30,77.15685599999999,75.5034948,76.238322,75.779055,23.0,116057.7616070826,351504795.0
2015-12-31,77.15685599999999,75.43460474999999,76.238322,76.238322,15.0,45265.60802321961,351504795.0
2016-01-04,77.15685599999999,75.779055,76.4679555,76.238322,23.0,67086.24830436325,351504795.0
2016-01-05,77.70797639999999,76.697589,77.3864895,76.4679555,25.0,104838.79747510709,351504795.0
2016-01-06,77.616123,74.5849608,75.319788,77.3864895,46.0,182412.4093392297,351504795.0
2016-01-07,75.20497125,73.51027601999999,74.1716205,75.0901545,33.0,154090.104449046,351504795.0
2016-01-08,74.1716205,72.56418599999999,73.2530865,73.941987,31.0,278759.41445825633,351504795.0
2016-01-11,72.78463416,70.72711799999999,71.645652,73.2530865,36.0,303384.52359956194,351504795.0
2016-01-12,73.42760795999999,70.88326878,72.7938195,71.645652,22.0,248998.94832417744,351504795.0
2016-01-13,74.2175472,72.7019661,73.48272,72.7938195,27.0,116799.16040124808,351504795.0
2016-01-14,74.401254,72.3804792,72.7938195,73.48272,26.0,156010.5559511134,351504795.0
2016-01-15,72.95456295,71.76046875,72.104919,72.7938195,25.0,316159.2276388245,351504795.0
2016-01-18,72.104919,70.784526375,71.8752855,72.104919,20.0,89032.08808819272,351504795.0
2016-01-19,74.6768142,71.3241651,73.71235349999999,71.8752855,28.0,239365.11876533696,351504795.0
2016-01-20,73.310494875,72.21973575,72.7938195,73.71235349999999,21.0,87195.46581835838,351504795.0
2016-01-21,73.2071598,71.645652,72.104919,72.7938195,20.0,212526.700154812,351504795.0
2016-01-22,72.3804792,71.8293588,72.104919,72.104919,22.0,358997.05400126724,351504795.0
2016-01-25,72.2886258,71.6915787,72.104919,72.104919,20.0,145088.8045516007,351504795.0
2016-01-26,71.6915787,70.0382175,70.72711799999999,72.104919,24.0,250217.19391987668,351504795.0
2016-01-27,70.72711799999999,69.888955725,70.0382175,70.72711799999999,30.0,352732.7241016664,351504795.0
2016-01-28,70.72711799999999,69.92340075,70.267851,70.0382175,21.0,203528.66633134976,351504795.0
2016-01-29,70.72711799999999,69.9922908,70.267851,70.267851,11.0,76852.89820518348,351504795.0
2016-02-01,70.4974845,69.808584,70.267851,70.267851,30.0,193254.6862718201,351504795.0
2016-02-02,70.267851,68.89005,69.349317,70.267851,19.0,82600.09972412563,351504795.0
2016-02-03,70.72711799999999,69.267567474,70.0382175,69.349317,28.0,193018.44025370863,351504795.0
2016-02-04,70.0382175,69.349317,70.0382175,70.0382175,9.0,32394.01045579151,351504795.0
2016-02-05,70.4974845,69.7167306,70.0382175,70.0382175,20.0,310889.9616127438,351504795.0
2016-02-08,70.69956198,70.0382175,70.4974845,70.0382175,50.0,257326.3482897748,351504795.0
2016-02-09,70.72711799999999,69.349317,70.0382175,70.4974845,16.0,159887.38576906244,351504795.0
2016-02-10,70.6811913,69.57895049999999,70.0382175,70.0382175,13.0,87911.82471198672,351504795.0
2016-02-11,70.72711799999999,69.571602228,70.0382175,70.0382175,15.0,55369.752235627646,351504795.0
2016-02-12,70.5434112,69.92340075,70.267851,70.0382175,23.0,114562.9884141469,351504795.0
2016-02-15,70.5434112,69.95554944,70.267851,70.267851,31.0,256232.21350543367,351504795.0
2016-02-16,70.3597044,70.0382175,70.267851,70.267851,11.0,28400.690665778297,351504795.0
2016-02-17,70.4974845,69.92340075,70.267851,70.267851,18.0,227866.36096214183,351504795.0
2016-02-18,70.4515578,69.9922908,70.267851,70.267851,26.0,292716.4372794039,351504795.0
2016-02-19,70.267851,69.37687302,70.0382175,70.267851,17.0,72130.1552256095,351504795.0
2016-02-22,70.0382175,69.349317,70.0382175,70.0382175,11.0,49386.30469857404,351504795.0
2016-02-23,70.72711799999999,68.9819034,69.808584,70.0382175,12.0,51286.07106541511,351504795.0
2016-02-24,69.90043739999999,68.9819034,69.808584,69.808584,6.0,6108.647039739411,351504795.0
2016-02-25,69.808584,68.89005,69.349317,69.808584,17.0,74096.33176344044,351504795.0
2016-02-26,71.645652,68.91760602,69.57895049999999,71.186385,31.0,570076.8833815624,351504795.0
2016-02-29,69.6248772,68.43078299999999,69.1196835,69.57895049999999,14.0,186609.3144075233,351504795.0
2016-03-01,69.808584,68.43078299999999,68.89005,69.1196835,8.0,25399.168675302168,351504795.0
2016-03-02,68.70634319999999,67.77632752499999,68.2011495,68.89005,9.0,49867.50626541859,351504795.0
2016-03-03,68.43078299999999,67.51482089519999,68.2011495,68.2011495,6.0,23595.20714529892,351504795.0
2016-03-04,69.23450025,67.59491706,69.349317,68.2011495,18.0,99669.69105117505,351504795.0
2016-03-07,69.0737568,67.971516,68.89005,69.349317,14.0,118882.9156024709,351504795.0
2016-03-08,68.76145524,67.971516,68.43078299999999,68.89005,23.0,3743153.7645857423,351504795.0
2016-03-09,68.36648562,67.971516,68.43078299999999,68.43078299999999,7.0,15828.483213468418,351504795.0
2016-03-10,69.25746360000001,67.971516,68.6604165,68.43078299999999,10.0,65447.767856170816,351504795.0
2016-03-11,68.3389296,67.971516,68.43078299999999,68.6604165,8.0,40864.02898531791,351504795.0
2016-03-14,68.3389296,67.052982,67.7418825,68.43078299999999,15.0,113275.06657347469,351504795.0
2016-03-15,68.2011495,67.16779875,68.43078299999999,67.7418825,14.0,69279.96132968404,351504795.0
2016-03-16,68.7981966,67.512249,68.43078299999999,68.43078299999999,7.0,22029.66901606255,351504795.0
2016-03-17,67.53521235000001,67.512249,68.43078299999999,68.43078299999999,4.0,14142.100346857058,351504795.0
2016-03-18,68.43078299999999,67.512249,68.2011495,68.43078299999999,15.0,181299.7668023176,351504795.0
2016-03-21,68.31137358,67.512249,68.2011495,68.2011495,30.0,217028.43879486225,351504795.0
2016-03-22,68.06336939999998,67.512249,68.43078299999999,68.2011495,17.0,598484.1061953069,351504795.0
2016-03-23,68.89005,67.62706575,68.43078299999999,68.43078299999999,12.0,176872.05917255106,351504795.0
2016-03-24,70.72711799999999,67.8796626,69.808584,68.43078299999999,29.0,260355.0875634435,351504795.0
2016-03-28,,,,,,,
2016-03-29,69.808584,68.89005,69.808584,69.808584,8.0,44293.40666758117,351504795.0
2016-03-30,70.0382175,67.971516,68.43078299999999,69.808584,17.0,99711.06132162773,351504795.0
2016-03-31,68.73665482199999,66.8233485,67.971516,68.43078299999999,15.0,178818.63926648334,351504795.0
2016-04-01,68.1552228,67.14483539999999,67.7418825,67.971516,14.0,37324.69347895669,351504795.0
2016-04-04,68.1552228,67.052982,67.7418825,67.7418825,17.0,189079.5550300805,351504795.0
2016-04-05,67.7418825,67.052982,67.7418825,67.7418825,13.0,134567.69156068258,351504795.0
2016-04-06,68.43078299999999,67.052982,67.971516,67.7418825,14.0,162286.861455319,351504795.0
2016-04-07,68.1552228,67.512249,67.971516,67.971516,9.0,88568.30558259139,351504795.0
2016-04-08,68.40781965,67.52143434,67.971516,67.971516,11.0,53352.40720539469,351504795.0
2016-04-11,68.43078299999999,67.512249,67.971516,67.971516,14.0,79708.53555774745,351504795.0
2016-04-12,68.67603157799999,67.512249,68.2011495,67.971516,17.0,241068.92069319155,351504795.0
2016-04-13,68.67603157799999,67.85669924999999,68.2011495,68.2011495,18.0,121038.52443132208,351504795.0
2016-04-14,68.4767097,67.7418825,68.2011495,68.2011495,14.0,143754.0689838373,351504795.0
2016-04-15,68.66960184,67.81077255,68.2011495,68.2011495,14.0,301802.65510041,351504795.0
2016-04-18,68.89005,67.88425527,68.2011495,68.2011495,16.0,40175.976066209856,351504795.0
2016-04-19,68.40781965,67.58113905,68.2011495,68.2011495,12.0,83976.20556234174,351504795.0
2016-04-20,68.3389296,67.9255893,68.2011495,68.2011495,15.0,32118.57154988275,351504795.0
2016-04-21,68.3389296,68.06336939999998,68.2011495,68.2011495,12.0,72029.99562346087,351504795.0
2016-04-22,68.516206662,67.58113905,68.2011495,68.2011495,15.0,43066.45154126032,351504795.0
2016-04-25,68.48956917599999,67.58113905,68.2011495,68.2011495,11.0,94409.13455571597,351504795.0
2016-04-26,68.39404164,67.684474125,68.2011495,68.2011495,11.0,25168.36611382921,351504795.0
2016-04-27,68.3389296,67.684474125,68.2011495,68.2011495,12.0,22587.078975846296,351504795.0
2016-04-28,69.57895049999999,68.01744269999999,68.89005,68.2011495,23.0,185587.0332508105,351504795.0
2016-04-29,70.0382175,68.54559975,69.349317,68.89005,24.0,93140.8091589424,351504795.0
2016-05-02,,,,,,,
2016-05-03,69.79939866,67.052982,67.971516,69.349317,30.0,130183.53158402412,351504795.0
2016-05-04,68.1552228,66.593715,67.28261549999999,67.971516,22.0,168063.45764010915,351504795.0
2016-05-05,67.92099662999999,66.593715,67.512249,67.28261549999999,23.0,163942.7609647547,351504795.0
2016-05-06,67.62706575,66.593715,67.512249,67.512249,14.0,49804.36216841184,351504795.0
2016-05-09,67.512249,66.593715,67.28261549999999,67.512249,16.0,53877.15642534735,351504795.0
2016-05-10,67.44335894999999,66.13444799999999,66.593715,67.28261549999999,13.0,126463.47331726426,351504795.0
2016-05-11,66.13444799999999,64.5270135,65.675181,66.593715,16.0,68225.0194331402,351504795.0
2016-05-12,65.783108745,65.215914,65.675181,65.675181,10.0,24000.200319204298,351504795.0
2016-05-13,65.30776739999999,64.5270135,65.215914,65.675181,14.0,58303.77536378621,351504795.0
2016-05-16,65.4914742,64.29738,65.215914,65.215914,15.0,579199.0280163826,351504795.0
2016-05-17,65.215914,63.378846,63.838113,65.215914,16.0,101991.86965316471,351504795.0
2016-05-18,64.00344912,63.378846,63.838113,63.838113,19.0,126367.66848042642,351504795.0
2016-05-19,63.72788891999999,61.541778,62.919579,63.838113,15.0,85406.74596694298,351504795.0
2016-05-20,62.919579,61.541778,62.460312,62.919579,25.0,230617.4839472464,351504795.0
2016-05-23,62.91939529319999,61.541778,62.001045,62.460312,20.0,113600.58528045776,351504795.0
2016-05-24,64.29738,63.03898842,64.0677465,62.919579,91.0,1292521.5615317451,351504795.0
2016-05-25,64.29738,63.378846,63.838113,64.0677465,34.0,303711.13099787274,351504795.0
2016-05-26,63.72788891999999,62.919579,63.378846,63.838113,17.0,78042.83782636245,351504795.0
2016-05-27,63.757741275,62.001045,62.919579,63.378846,21.0,79983.97446365622,351504795.0
2016-05-30,,,,,,,
2016-05-31,63.21810255,62.55675807,63.1492125,62.919579,11.0,78849.55810019009,351504795.0
2016-06-01,63.665887875,62.52920205,63.1492125,63.1492125,13.0,267950.8869568247,351504795.0
2016-06-02,63.5625528,62.68076015999999,63.1492125,63.1492125,7.0,26218.953245062243,351504795.0
2016-06-03,67.052982,63.42477269999999,66.3640815,63.1492125,52.0,498902.5991416758,351504795.0
2016-06-06,67.42958094,65.30776739999999,65.675181,66.3640815,21.0,172797.08753296014,351504795.0
2016-06-07,66.69475374,65.675181,66.3640815,65.675181,13.0,21684.55386518082,351504795.0
2016-06-08,67.0070553,66.14363334000001,66.593715,66.3640815,12.0,20754.811471322784,351504795.0
2016-06-09,68.6604165,66.40082286,67.7418825,66.593715,26.0,162368.5133048967,351504795.0
2016-06-10,68.2011495,66.593715,67.28261549999999,67.7418825,19.0,76414.15560011932,351504795.0
2016-06-13,67.61328773999999,65.675181,65.9048145,67.28261549999999,15.0,78301.94636235567,351504795.0
2016-06-14,65.89562916,62.460312,62.919579,65.9048145,25.0,238180.6226007965,351504795.0
2016-06-15,62.460312,60.623244,62.001045,62.919579,40.0,360014.9803926692,351504795.0
2016-06-16,62.46012829319999,61.65659475,62.001045,62.001045,8.0,27657.11448895741,351504795.0
2016-06-17,61.9551183,61.541778,62.001045,62.001045,12.0,30132.798568153168,351504795.0
2016-06-20,61.9551183,61.541778,62.001045,62.001045,10.0,56328.88929533365,351504795.0
2016-06-21,61.9090078932,61.541778,61.7714115,62.001045,6.0,12004.99927057681,351504795.0
2016-06-22,61.9091916,60.623244,61.7714115,61.7714115,14.0,88558.50736064208,351504795.0
2016-06-23,62.3684586,61.9093753068,62.11586175,61.7714115,10.0,24675.18894237992,351504795.0
2016-06-24,59.81952675,57.408375,59.70471,60.623244,25.0,190489.41029945543,351504795.0
2016-06-27,59.79656339999999,55.11204,56.489841,59.70471,51.0,494263.6853943349,351504795.0
2016-06-28,57.867642,56.1224274,56.949108,56.489841,18.0,327387.9899927493,351504795.0
2016-06-29,57.6380085,55.11204,56.030574,57.408375,21.0,243921.2919717724,351504795.0
2016-06-30,56.24183682,55.69990176,56.030574,56.030574,8.0,498748.004973142,351504795.0
2016-07-01,56.3061342,55.4794536,55.8009405,56.030574,30.0,346159.205864998,351504795.0
2016-07-04,56.489841,55.3416735,55.3416735,55.8009405,36.0,393678.404936562,351504795.0
2016-07-05,55.541913912,55.11204,55.3416735,55.3416735,21.0,629797.0461626897,351504795.0
2016-07-06,55.513898625,53.274972,53.734239,55.3416735,41.0,177621.07880601045,351504795.0
2016-07-07,53.274972,50.51937,50.51937,53.734239,55.0,1300113.0061598157,351504795.0
2016-07-08,51.2082705,49.600836,50.7490035,50.51937,36.0,792088.2623833196,351504795.0
2016-07-11,50.8867836,49.7386161,50.060103,50.7490035,52.0,866060.4833354019,351504795.0
2016-07-12,50.51937,50.060103,50.2897365,50.060103,49.0,620245.9571447546,351504795.0
2016-07-13,50.51937,50.060103,50.2897365,50.2897365,26.0,272575.64771690546,351504795.0
2016-07-14,50.3815899,50.060103,50.2897365,50.2897365,19.0,184447.17343070588,351504795.0
2016-07-15,50.3815899,50.060103,50.2897365,50.2897365,25.0,224918.1848467232,351504795.0
2016-07-18,50.51937,50.12899305,50.2897365,50.2897365,28.0,507073.22755608393,351504795.0
2016-07-19,50.370108225,50.06928833999999,50.2897365,50.2897365,19.0,852127.4117234637,351504795.0
2016-07-20,50.51937,49.600836,49.8304695,50.2897365,34.0,253694.47402055885,351504795.0
2016-07-21,50.00499095999999,49.70187474,49.8304695,49.8304695,20.0,2913934.595779797,351504795.0
2016-07-22,52.02576576,49.71565275,51.6675375,49.8304695,36.0,224138.68185608808,351504795.0
2016-07-25,52.1268045,51.437904,51.897171,51.6675375,29.0,337415.92581221816,351504795.0
2016-07-26,51.78235425,51.437904,51.897171,51.897171,15.0,65916.99381841064,351504795.0
2016-07-27,51.897171,51.437904,51.897171,51.897171,16.0,67946.31445324833,351504795.0
2016-07-28,52.1727312,51.437904,51.897171,51.897171,25.0,184515.7609843512,351504795.0
2016-07-29,52.3470689532,51.437904,51.897171,51.897171,40.0,391352.9602605892,351504795.0
2016-08-01,53.84905575,51.897171,52.356438,52.356438,46.0,398068.00836985896,351504795.0
2016-08-02,52.42992072,50.060103,50.978637,52.356438,35.0,2301959.4266516,351504795.0
2016-08-03,51.00160035,50.22084645,50.978637,50.978637,20.0,190900.93562132705,351504795.0
2016-08-04,53.86283376,50.978637,53.274972,50.978637,54.0,533026.5401171867,351504795.0
2016-08-05,62.460312,52.7238516,60.623244,53.274972,91.0,746964.1842327013,351504795.0
2016-08-08,65.9048145,61.36725654,65.675181,60.623244,94.0,423397.50080018817,351504795.0
2016-08-09,67.052982,63.378846,65.215914,65.675181,73.0,458003.7320338714,351504795.0
2016-08-10,65.8588878,62.80476225,63.378846,65.215914,35.0,169755.28396335902,351504795.0
2016-08-11,63.838113,61.65200208,62.460312,63.378846,24.0,201344.75152797828,351504795.0
2016-08-12,63.6084795,61.1743644,63.1492125,62.460312,29.0,164897.5432591499,351504795.0
2016-08-15,67.052982,63.378846,65.215914,63.1492125,43.0,259530.9482283726,351504795.0
2016-08-16,66.593715,64.86687108,65.9048145,64.756647,16.0,165735.83558148093,351504795.0
2016-08-17,66.54319562999999,65.37665745,66.3640815,65.9048145,13.0,88114.3212989394,351504795.0
2016-08-18,66.44215688999999,64.18256325,65.215914,65.9048145,18.0,294740.3144576031,351504795.0
2016-08-19,66.0425946,63.838113,64.98628049999999,65.215914,11.0,49354.732650070655,351504795.0
2016-08-22,65.4455475,62.919579,63.1492125,64.98628049999999,32.0,497195.5311398381,351504795.0
2016-08-23,63.6084795,63.01143239999999,63.1492125,63.1492125,27.0,423876.5249843773,351504795.0
2016-08-24,63.378846,62.919579,64.0677465,63.1492125,21.0,162319.52219515012,351504795.0
2016-08-25,64.29738,63.1032858,63.838113,64.0677465,8.0,74180.16099567355,351504795.0
2016-08-26,66.13444799999999,63.3790297068,64.29738,63.838113,27.0,248286.94419585995,351504795.0
2016-08-29,,,,,,,
2016-08-30,64.73827632,62.919579,63.838113,64.29738,29.0,272144.5259511352,351504795.0
2016-08-31,65.52821556,63.378846,64.29738,63.838113,20.0,143234.7632205231,351504795.0
2016-09-01,64.756647,63.7462596,64.29738,64.29738,15.0,231956.5742803206,351504795.0
2016-09-02,64.756647,63.6544062,64.29738,64.29738,15.0,38535.318235362,351504795.0
2016-09-05,64.756647,63.6544062,64.29738,64.29738,10.0,33408.67077321035,351504795.0
2016-09-06,65.9048145,63.505144425,64.29738,64.29738,20.0,88093.63616371305,351504795.0
2016-09-07,63.95292975,63.378846,63.838113,63.838113,13.0,79798.89693794677,351504795.0
2016-09-08,63.77381562,63.378846,63.838113,63.838113,7.0,226264.8960190913,351504795.0
2016-09-09,63.1032858,60.78398745,62.460312,63.378846,35.0,205338.0713179915,351504795.0
2016-09-12,63.04817376,59.79656339999999,60.163977,62.460312,24.0,171960.97259328453,351504795.0
2016-09-13,59.81952675,57.925050375,59.0158095,60.163977,19.0,163415.83436214665,351504795.0
2016-09-14,59.70471,57.4543017,58.5565425,59.0158095,25.0,180635.66509241905,351504795.0
2016-09-15,60.623244,57.408375,59.70471,58.5565425,31.0,2588814.349822652,351504795.0
2016-09-16,60.072123600000005,58.923956100000005,59.70471,59.70471,19.0,104578.60024778616,351504795.0
2016-09-19,59.5210032,58.786176,59.245443,59.70471,13.0,67768.8577668328,351504795.0
2016-09-20,58.786176,57.9594954,58.326909,59.245443,18.0,135625.89953120952,351504795.0
2016-09-21,58.4646891,57.408375,57.6380085,58.326909,23.0,1716084.543413744,351504795.0
2016-09-22,57.867642,56.949108,57.1787415,57.6380085,15.0,361314.8778379461,351504795.0
2016-09-23,57.5002284,55.68612375,56.7194745,57.1787415,34.0,200578.31283327565,351504795.0
2016-09-26,57.0409614,56.030574,56.7194745,56.7194745,5.0,20538.16189710996,351504795.0
2016-09-27,55.973165625,54.77218242,55.3416735,56.7194745,26.0,111962.10483226534,351504795.0
2016-09-28,56.8572546,55.11204,56.030574,55.3416735,28.0,1086270.0781898112,351504795.0
2016-09-29,56.32909755,55.571307,56.2602075,56.030574,10.0,95125.49344934429,351504795.0
2016-09-30,56.030574,55.11204,55.571307,56.2602075,22.0,121445.69498788287,351504795.0
2016-10-03,56.0303902932,55.11204,55.571307,55.571307,20.0,102984.75614402952,351504795.0
2016-10-04,56.030574,55.11204,55.571307,55.571307,11.0,86871.035802703,351504795.0
2016-10-05,55.8466834932,55.11204,55.571307,55.571307,29.0,1372356.3852835062,351504795.0
2016-10-06,55.571307,55.11204,55.571307,55.571307,22.0,205176.94500149152,351504795.0
2016-10-07,55.571307,55.571307,55.571307,55.571307,8.0,22858.163116444248,351504795.0
2016-10-10,55.9387206,55.11204,55.571307,55.571307,22.0,120085.9195195823,351504795.0
2016-10-11,55.6631604,55.22685675,55.571307,55.571307,19.0,61273.72530575896,351504795.0
2016-10-12,56.030574,55.2038934,55.571307,55.571307,18.0,167678.06091010242,351504795.0
2016-10-13,55.88360856,55.30493214,55.571307,55.571307,11.0,88980.91959579069,351504795.0
2016-10-14,55.9387206,55.3418572068,55.571307,55.571307,15.0,149380.42576540445,351504795.0
2016-10-17,55.88360856,54.652773,55.571307,55.571307,13.0,151973.68850799208,351504795.0
2016-10-18,55.22685675,54.8364798,55.11204,55.571307,19.0,201400.27478569112,351504795.0
2016-10-19,55.3876002,54.86403582,55.11204,55.11204,20.0,71017.51268869743,351504795.0
2016-10-20,55.8466834932,54.89159184,55.571307,55.11204,19.0,153588.21774697507,351504795.0
2016-10-21,55.571307,54.7905531,55.11204,55.571307,11.0,160602.65597136307,351504795.0
2016-10-24,58.021037178,54.9283332,57.6380085,55.11204,55.0,747774.170580512,351504795.0
2016-10-25,57.6380085,56.71028916,57.1787415,57.6380085,10.0,101487.8055684384,351504795.0
2016-10-26,58.49224512,57.1787415,57.867642,57.1787415,12.0,314030.83609316585,351504795.0
2016-10-27,58.5565425,57.1787415,57.867642,57.867642,9.0,22872.316103704383,351504795.0
2016-10-28,59.245443,57.408375,57.867642,57.867642,11.0,55195.56162319522,351504795.0
2016-10-31,59.4750765,57.1787415,58.5565425,57.867642,14.0,88027.2259927232,351504795.0
2016-11-01,62.001045,58.786176,59.70471,58.5565425,35.0,242012.81607430973,351504795.0
2016-11-02,60.12723564,57.867642,58.326909,59.70471,25.0,155611.00623384654,351504795.0
2016-11-03,58.39579905,57.867642,58.326909,58.326909,23.0,136455.48232291892,351504795.0
2016-11-04,58.5106158,57.867642,58.326909,58.326909,9.0,26564.06839594397,351504795.0
2016-11-07,58.54735716,57.867642,58.326909,58.326909,14.0,56728.43901260052,351504795.0
2016-11-08,58.5106158,57.408375,58.0972755,58.326909,9.0,106417.39990027588,351504795.0
2016-11-09,56.949108,56.17753944,57.1787415,56.489841,15.0,126808.588468146,351504795.0
2016-11-10,56.87562528,56.489841,57.1787415,57.1787415,4.0,14893.297362971867,351504795.0
2016-11-11,57.6380085,56.6735478,57.408375,57.1787415,7.0,15112.124319840092,351504795.0
2016-11-14,59.6128566,57.6380085,58.786176,57.408375,17.0,75744.61043358222,351504795.0
2016-11-15,64.29738,59.6128566,61.541778,58.786176,26.0,283594.2926445837,351504795.0
2016-11-16,64.18715592,62.001045,63.6084795,61.541778,23.0,97839.60092930692,351504795.0
2016-11-17,63.72329625,62.001045,62.919579,63.6084795,8.0,31459.913296622664,351504795.0
2016-11-18,63.378846,61.74385547999999,62.460312,62.919579,8.0,56045.82955013097,351504795.0
2016-11-21,63.01143239999999,61.84030155,62.460312,62.460312,3.0,31926.96187620709,351504795.0
2016-11-22,63.01143239999999,61.8173382,62.460312,62.460312,11.0,116471.4643116096,351504795.0
2016-11-23,62.8736523,62.01941568,62.460312,62.460312,13.0,76227.98938308218,351504795.0
2016-11-24,62.6440188,62.01941568,62.460312,62.460312,4.0,60571.51939939077,351504795.0
2016-11-25,63.378846,61.63363139999999,63.1492125,62.460312,17.0,103926.47414249228,351504795.0
2016-11-28,64.73368364999999,63.1492125,63.838113,63.378846,18.0,336230.34095635003,351504795.0
2016-11-29,64.29738,62.001045,62.460312,63.838113,11.0,142971.2999192191,351504795.0
2016-11-30,63.084915120000005,61.79437485,62.460312,62.460312,11.0,215232.0981041529,351504795.0
2016-12-01,61.79437485,60.623244,60.8528775,62.460312,10.0,66733.51231418761,351504795.0
2016-12-02,61.541778,61.4382592182,60.8528775,60.8528775,5.0,34337.324475740694,351504795.0
2016-12-05,63.35588264999999,61.541778,62.460312,61.3121445,37.0,357914.89482153085,351504795.0
2016-12-06,65.215914,60.623244,61.082511,64.756647,67.0,684490.721083814,351504795.0
2016-12-07,61.541778,60.623244,61.082511,61.082511,17.0,125604.49585970688,351504795.0
2016-12-08,61.541778,60.623244,61.082511,61.082511,16.0,78988.91059013603,351504795.0
2016-12-09,61.541778,60.623244,61.082511,61.082511,24.0,267763.63204845984,351504795.0
2016-12-12,61.082511,58.326909,59.0158095,61.082511,36.0,238636.78426710388,351504795.0
2016-12-13,59.33729639999999,58.326909,58.5565425,59.0158095,20.0,195923.0687160192,351504795.0
2016-12-14,59.245443,58.326909,58.786176,58.5565425,16.0,86985.34839211179,351504795.0
2016-12-15,60.3936105,58.326909,59.70471,58.786176,29.0,208438.66421928856,351504795.0
2016-12-16,59.79656339999999,57.867642,58.786176,59.70471,26.0,299432.5740800014,351504795.0
2016-12-19,59.70452629319999,57.88601268,58.786176,58.786176,23.0,197115.1857198536,351504795.0
2016-12-20,58.786176,57.47726505,57.867642,58.786176,19.0,153349.7943462082,351504795.0
2016-12-21,58.0972755,56.60465775,56.949108,57.867642,10.0,116617.34894952174,351504795.0
2016-12-22,56.949108,56.030574,56.489841,56.949108,27.0,169301.299679707,351504795.0
2016-12-23,56.030574,55.11204,55.3416735,56.030574,21.0,143032.26663357046,351504795.0
2016-12-27,,,,,,,
2016-12-28,56.030574,55.47026826,55.8009405,55.3416735,22.0,168443.41091347736,351504795.0
2016-12-29,57.3165216,55.628715375,56.949108,55.8009405,16.0,142090.5486351077,351504795.0
2016-12-30,57.867642,56.23265148,57.408375,56.949108,7.0,34417.887633990686,351504795.0
2017-01-02,,,,,,,
2017-01-03,59.245443,56.949108,57.408375,57.867642,25.0,337463.82823063707,351504795.0
2017-01-04,60.32931312,57.6380085,58.326909,57.408375,26.0,133811.05108792926,351504795.0
2017-01-05,58.786176,57.867642,58.326909,58.326909,15.0,44842.10709674329,351504795.0
2017-01-06,58.43713308,56.949108,57.408375,58.326909,25.0,197067.28330143468,351504795.0
2017-01-09,57.4543017,56.19131744999999,57.1787415,57.408375,15.0,54020.863680604096,351504795.0
2017-01-10,57.867642,56.6735478,57.1787415,57.1787415,16.0,120755.4646861194,351504795.0
2017-01-11,58.692026265,57.071273022,58.326909,57.408375,37.0,564625.8059037554,351504795.0
2017-01-12,58.786176,56.949108,57.867642,58.326909,18.0,114879.79759050836,351504795.0
2017-01-13,58.326909,56.14539075,57.1787415,57.867642,23.0,318491.2044627635,351504795.0
2017-01-16,57.6380085,56.489841,57.1787415,57.1787415,12.0,305792.70881644014,351504795.0
2017-01-17,57.408375,56.030574,56.489841,56.949108,13.0,90325.45338550342,351504795.0
2017-01-18,56.60465775,56.03975934,56.489841,56.489841,6.0,32861.05903537594,351504795.0
2017-01-19,56.45309964,55.22685675,56.2602075,56.489841,14.0,90742.42216401354,351504795.0
2017-01-20,57.6380085,55.8468672,57.1787415,56.2602075,24.0,185154.8227937126,351504795.0
2017-01-23,57.3165216,56.489841,57.1787415,57.1787415,5.0,44429.493083544,351504795.0
2017-01-24,57.408375,56.030574,56.7194745,57.1787415,17.0,96639.86308617864,351504795.0
2017-01-25,57.7757886,56.60465775,57.6380085,56.7194745,8.0,53204.34518482713,351504795.0
2017-01-26,53.734239,49.8304695,52.356438,53.734239,112.0,1026716.4851818224,351504795.0
2017-01-27,52.74681495,51.6675375,51.897171,52.356438,12.0,56436.66973677621,351504795.0
2017-01-30,52.1727312,48.06229155,48.223035,51.897171,50.0,317507.0275025204,351504795.0
2017-01-31,50.4275166,47.763768,49.8304695,48.223035,61.0,1382551.9795674412,351504795.0
2017-02-01,49.5089826,47.87858475,49.141569,49.8304695,30.0,351679.9595877779,351504795.0
2017-02-02,49.5089826,48.38377845,49.141569,49.141569,20.0,103729.4210121781,351504795.0
2017-02-03,52.2645846,49.600836,52.01198775,49.141569,33.0,278639.658412209,351504795.0
2017-02-06,52.24162125,51.437904,51.897171,52.01198775,22.0,132642.88529330434,351504795.0
2017-02-07,51.8053176,50.978637,51.6675375,51.897171,19.0,98352.37454465486,351504795.0
2017-02-08,52.9075584,51.25419719999999,52.356438,51.6675375,21.0,88653.2235061522,351504795.0
2017-02-09,52.5860715,51.437904,51.6675375,52.356438,15.0,107048.8408703434,351504795.0
2017-02-10,52.1268045,51.1858582704,51.897171,51.6675375,19.0,350174.2994815652,351504795.0
2017-02-13,53.0453385,51.437904,52.356438,51.897171,15.0,312893.1536557166,351504795.0
2017-02-14,53.0453385,51.437904,52.356438,52.356438,11.0,81531.00484032165,351504795.0
2017-02-15,52.7238516,51.437904,52.1268045,52.5860715,18.0,113103.05334369768,351504795.0
2017-02-16,52.1268045,51.437904,51.897171,52.1268045,12.0,85427.43110216933,351504795.0
2017-02-17,51.897171,49.72483809,50.7490035,51.897171,31.0,273722.0396849763,351504795.0
2017-02-20,50.576778375,48.80630409,49.8304695,50.7490035,17.0,188327.26932263805,351504795.0
2017-02-21,50.30810718,49.141569,49.3712025,49.8304695,13.0,80121.14957094676,351504795.0
2017-02-22,50.06008462932,49.141569,49.600836,49.3712025,15.0,82017.64986380472,351508955.0
2017-02-23,49.99121295,49.141569,49.600836,49.600836,22.0,227866.36096214183,351508955.0
2017-02-24,49.55031663,48.682302,49.3712025,49.600836,7.0,10904.33233826946,351508955.0
2017-02-27,50.060103,48.223035,48.682302,49.3712025,16.0,74543.78389912623,351508955.0
2017-02-28,49.70187474,45.008166,46.6156005,49.3712025,67.0,607674.8383837724,351508955.0
2017-03-01,45.9267,45.03112934999999,45.2377995,46.6156005,35.0,262517.2285402609,351508955.0
2017-03-02,45.10920474,43.47880689,44.20444875,45.008166,55.0,865999.5166210505,351508955.0
2017-03-03,44.548899,42.9414645,44.089632,44.20444875,33.0,386999.2836411064,351508955.0
2017-03-06,47.7360282732,43.630365,47.0748675,44.089632,58.0,456148.6020114661,351508955.0
2017-03-07,48.68449729626,45.43069164,46.845234,47.0748675,38.0,311082.6599777472,351508955.0
2017-03-08,48.1311816,46.845234,47.9934015,46.845234,18.0,106806.06270426571,351508955.0
2017-03-09,48.45484542558,45.12298275,45.6970665,47.9934015,28.0,150695.5648892692,351508955.0
2017-03-10,46.6156005,45.008166,45.6970665,45.6970665,31.0,320898.300988314,351508955.0
2017-03-13,46.67989788,45.0084415602,45.9267,45.6970665,33.0,272479.8428800676,351508955.0
2017-03-14,49.7845428,45.4125046668,48.682302,45.9267,33.0,341241.5871377652,351508955.0
2017-03-15,50.2897365,48.88437948,49.600836,48.682302,20.0,172451.9723820784,351508955.0
2017-03-16,50.52164796432,48.8661925068,49.3712025,49.600836,18.0,75582.39542575453,351508955.0
2017-03-17,49.87863742296,47.87858475,48.4526685,49.3712025,17.0,87191.11105304757,351508955.0
2017-03-20,49.09785596694,47.01516279,47.763768,48.4526685,13.0,63042.84871327572,351508955.0
2017-03-21,48.22520274024,46.50078375,47.5341345,47.763768,9.0,21711.771148373387,351508955.0
2017-03-22,47.763768,45.9267,46.6156005,47.5341345,19.0,1132205.231379568,351508955.0
2017-03-23,46.7533806,46.2022602,46.385967,46.385967,5.0,33487.05654880495,351508955.0
2017-03-24,46.845234,46.08744345,46.385967,46.385967,15.0,201534.1838189985,351508955.0
2017-03-27,46.4778204,45.008166,45.9267,46.385967,9.0,98552.69374895214,351508955.0
2017-03-28,46.9830141,45.1000194,46.1563335,45.9267,24.0,304731.2347719301,351508955.0
2017-03-29,46.6156005,45.2377995,45.2377995,45.9267,15.0,214081.35137077127,351508955.0
2017-03-30,45.9267,45.008166,45.6970665,45.2377995,10.0,106281.31348431304,351508955.0
2017-03-31,46.6156005,45.008166,45.6970665,46.1563335,15.0,217978.86632394663,351508955.0
2017-04-03,45.9267,45.008166,45.6970665,45.6970665,27.0,266047.8545160005,351508955.0
2017-04-04,45.3616178832,44.3192655,45.2377995,45.6970665,22.0,266604.17578445654,351508955.0
2017-04-05,45.6279927432,44.0898157068,45.008166,45.6970665,18.0,687365.9548802767,351508955.0
2017-04-06,44.7326058,43.802590125,44.3192655,45.008166,18.0,238144.6957869823,351508955.0
2017-04-07,44.736279936,43.69925505,44.3192655,44.3192655,14.0,226698.1951675169,351508955.0
2017-04-10,44.089632,43.28591475,44.089632,44.3192655,15.0,51163.04894538471,351508955.0
2017-04-11,44.2733388,43.1712817068,44.089632,44.089632,25.0,252842.0287109677,351508955.0
2017-04-12,45.008166,43.7222184,44.089632,44.089632,15.0,92769.5654161958,351508955.0
2017-04-13,44.2733388,43.2629514,44.089632,44.089632,13.0,72774.66049160947,351508955.0
2017-04-17,,,,,,,
2017-04-18,44.089632,43.171098,44.089632,44.089632,19.0,116827.46637576834,351508955.0
2017-04-19,44.7785325,43.917406875,45.008166,44.089632,6.0,136976.96546888846,351508955.0
2017-04-20,44.6407524,43.67629169999999,44.3192655,45.008166,14.0,185822.1905775943,351508955.0
2017-04-21,44.7785325,43.630365,44.3192655,44.3192655,21.0,179978.09553048664,351508955.0
2017-04-24,44.29170948,43.69925505,43.8599985,44.3192655,22.0,212004.12831751467,351508955.0
2017-04-25,44.091616033440005,43.171098,43.630365,43.8599985,18.0,538624.5909242337,351508955.0
2017-04-26,43.8619733481,42.8036844,43.171098,43.630365,17.0,552020.9377116144,351508955.0
2017-04-27,43.343323125,42.75777607068,42.9414645,43.171098,19.0,248749.63801013355,351508955.0
2017-04-28,43.630365,42.82664775,43.630365,43.171098,11.0,85381.70606640582,351508955.0
2017-05-01,,,,,,,
2017-05-02,43.8140718,42.711831,43.4007315,43.630365,16.0,103439.8291190092,351508955.0
2017-05-03,43.630365,42.252564,42.9414645,43.4007315,16.0,159137.27744427533,351508955.0
2017-05-04,43.171098,41.67848025,42.252564,42.9414645,20.0,84563.01018797344,351508955.0
2017-05-05,43.3548048,42.09182055,43.171098,42.252564,16.0,197771.66659045828,351508955.0
2017-05-08,43.33643412,42.36738075,42.4821975,43.171098,17.0,205776.81392305568,351508955.0
2017-05-09,43.171098,41.60959019999999,42.4821975,42.4821975,16.0,105667.29157548877,351508955.0
2017-05-10,43.17304529208,41.5177368,41.5636635,42.4821975,22.0,577313.4146368017,351508955.0
2017-05-11,41.5177368,39.31325519999999,39.7265955,41.793297,59.0,1032586.708820795,351508955.0
2017-05-12,39.80467089,38.578428,39.037695,39.7265955,60.0,487881.7768313421,351508955.0
2017-05-15,39.496962,37.659894,38.119161,39.037695,31.0,274429.689047983,351508955.0
2017-05-16,39.496962,38.15590236,39.037695,38.119161,32.0,276210.7880601045,351508955.0
2017-05-17,39.496962,38.8080615,39.2673285,39.037695,20.0,93274.71819224984,351508955.0
2017-05-18,39.4051086,38.578428,39.037695,39.2673285,23.0,405992.5925442063,351508955.0
2017-05-19,39.037695,37.9354542,37.8895275,39.037695,22.0,999311.947080892,351508955.0
2017-05-22,38.00434425,36.85617675,37.4302605,37.8895275,27.0,379779.0827557826,351508955.0
2017-05-23,38.11456833,36.9709935,37.8895275,37.4302605,19.0,61322.71641550558,351508955.0
2017-05-24,38.578428,37.659894,38.119161,38.119161,15.0,426762.64569411695,351508955.0
2017-05-25,37.89871284,37.24655369999999,37.31544375,38.119161,30.0,328791.313114158,351508955.0
2017-05-26,37.659894,37.200627,37.4302605,37.31544375,24.0,312529.530752264,351508955.0
2017-05-29,,,,,,,
2017-05-30,37.8895275,37.28329506,37.8895275,37.4302605,32.0,137985.0936383411,351508955.0
2017-05-31,40.9666164,37.712709705,39.7265955,38.119161,71.0,779673.9151735265,351508955.0
2017-06-01,39.7265955,38.704726425,39.496962,39.7265955,20.0,98926.11487435414,351508955.0
2017-06-02,39.49694362932,38.578428,39.037695,39.496962,13.0,70379.53957066369,351508955.0
2017-06-05,39.19843845,36.74136,36.9709935,39.037695,28.0,250169.29150145777,351508955.0
2017-06-06,37.200627,36.282093,36.5117265,36.9709935,31.0,239639.468979918,351508955.0
2017-06-07,37.4761872,36.30505635,36.5117265,36.5117265,24.0,273388.9001386993,351508955.0
2017-06-08,37.659894,36.5576532,37.200627,36.5117265,24.0,518851.7790304986,351508955.0
2017-06-09,38.8539882,37.77471075,38.578428,37.8895275,67.0,756370.477304052,351508955.0
2017-06-12,42.8955378,38.578428,41.793297,38.578428,98.0,818505.3574500236,351508955.0
2017-06-13,44.089632,41.758851975,42.9414645,41.793297,84.0,1074494.7927893796,351508955.0
2017-06-14,44.4570456,42.9873912,44.089632,42.9414645,61.0,1016881.2477273569,351508955.0
2017-06-15,44.089632,42.76235037,43.171098,43.630365,21.0,213871.23394452463,351508955.0
2017-06-16,43.171098,42.50516085,42.711831,43.171098,20.0,204263.532977549,351508955.0
2017-06-19,43.86918384,42.74857236,43.171098,42.711831,32.0,392711.6470375621,351508955.0
2017-06-20,44.089632,42.6199776,43.171098,43.171098,20.0,232247.2548648172,351508955.0
2017-06-21,44.9163126,43.4007315,44.089632,43.171098,17.0,245113.4089756068,351508955.0
2017-06-22,44.53052832,43.8599985,44.548899,44.089632,17.0,163529.05826022773,351508955.0
2017-06-23,44.82445919999999,43.4466582,44.089632,44.548899,25.0,185724.20835810108,351508955.0
2017-06-26,44.548899,43.171098,43.630365,44.089632,15.0,91870.30637951344,351508955.0
2017-06-27,44.089632,42.42249279,42.9414645,43.630365,17.0,446163.12515377766,351508955.0
2017-06-28,43.43747286,43.05628125,43.171098,42.9414645,17.0,823286.8897612935,351508955.0
2017-06-29,43.8599985,42.90472314,43.630365,43.171098,13.0,173431.79457701076,351508955.0
2017-06-30,44.089632,42.9414645,43.630365,43.630365,19.0,143759.5124404758,351508955.0
2017-07-03,44.08044666,42.79449906,43.4007315,43.630365,11.0,92317.75851519922,351508955.0
2017-07-04,43.5385116,42.79449906,43.4007315,43.4007315,13.0,56079.57898128976,351508955.0
2017-07-05,44.089632,42.553843152,43.171098,43.4007315,14.0,318426.9716744291,351508955.0
2017-07-06,43.79570112,42.6199776,43.171098,43.171098,8.0,53819.45578497911,351508955.0
2017-07-07,43.630365,42.333394992,42.711831,43.171098,11.0,177783.29381383816,351508955.0
2017-07-10,42.9872074932,42.2527477068,42.711831,42.711831,17.0,70506.9164560049,351508955.0
2017-07-11,42.9873912,42.36738075,42.711831,42.711831,10.0,33356.41358948063,351508955.0
2017-07-12,43.171098,42.252564,42.711831,42.711831,5.0,77056.48348346388,351508955.0
2017-07-13,43.171098,42.30767604,42.711831,42.711831,12.0,73921.05245968032,351508955.0
2017-07-14,43.7222184,42.55568022,43.171098,42.711831,22.0,168982.31312069017,351508955.0
2017-07-17,43.7222184,42.8955378,43.171098,43.171098,9.0,17327.61117171493,351508955.0
2017-07-18,44.05289064,43.06087392,43.171098,43.171098,8.0,28989.672674065416,351508955.0
2017-07-19,43.4466582,42.45464148,43.171098,43.171098,7.0,177608.01451007804,351508955.0
2017-07-20,43.3548048,42.26174934,42.711831,43.171098,11.0,117831.23977991016,351508955.0
2017-07-21,42.9414645,42.252564,42.711831,42.711831,5.0,20251.83607792417,351508955.0
2017-07-24,42.711831,42.252564,42.711831,42.711831,8.0,26118.7936429136,351508955.0
2017-07-25,42.252564,41.33403,41.793297,42.711831,25.0,133400.61445738535,351508955.0
2017-07-26,42.1607106,39.339892686,41.33403,41.793297,27.0,184928.37499755045,351508955.0
2017-07-27,42.252564,40.415496,41.33403,41.33403,14.0,225470.1513498684,351508955.0
2017-07-28,42.25446536538,40.71401955,41.33403,41.33403,14.0,139711.75808407745,351508955.0
2017-07-31,41.63714622,38.751112392,39.037695,41.33403,33.0,175700.62730394304,351508955.0
2017-08-01,39.496962,38.578428,39.037695,39.037695,21.0,216787.83801144,351508955.0
2017-08-02,39.57503739,37.9354542,38.8080615,39.037695,13.0,141423.18085122597,351508955.0
2017-08-03,38.73457878,37.659894,38.3487945,38.8080615,14.0,55928.250886739086,351508955.0
2017-08-04,38.9458416,37.659894,38.8080615,38.3487945,24.0,214951.21574160564,351508955.0
2017-08-07,39.496962,38.578428,38.8080615,38.8080615,24.0,287033.46854879626,351508955.0
2017-08-08,39.037695,38.578428,38.8080615,38.8080615,15.0,136554.55323373986,351508955.0
2017-08-09,38.8080615,38.578428,38.8080615,38.8080615,18.0,144025.15312443525,351508955.0
2017-08-10,38.782342548,38.578428,38.8080615,38.8080615,9.0,77141.40140702468,351508955.0
2017-08-11,38.73457878,38.3028678,38.3487945,38.8080615,9.0,19248.062673782355,351508955.0
2017-08-14,38.578428,38.55546465,38.3487945,38.3487945,4.0,19875.148878539065,351508955.0
2017-08-15,38.578428,38.119161,38.3487945,38.3487945,20.0,322844.8810822463,351508955.0
2017-08-16,39.037695,38.119161,38.8080615,38.3487945,27.0,371623.6960199623,351508955.0
2017-08-17,39.439553625,38.578428,39.037695,38.8080615,43.0,1134528.4986728854,351508955.0
2017-08-18,39.31325519999999,38.578428,39.037695,39.037695,19.0,210597.5391221229,351508955.0
2017-08-21,39.38771156604,38.693704017,39.037695,39.037695,9.0,51327.44133586781,351508955.0
2017-08-22,39.037695,38.578428,39.037695,39.037695,18.0,298399.4060100116,351508955.0
2017-08-23,39.2673285,38.578428,38.8080615,39.037695,20.0,301657.8591538256,351508955.0
2017-08-24,39.037695,38.578428,38.8080615,38.8080615,11.0,106627.51732652247,351508955.0
2017-08-25,38.8080615,38.578428,38.8080615,38.8080615,15.0,130074.66245125384,351508955.0
2017-08-28,,,,,,,
2017-08-29,39.037695,38.58302067,38.8080615,38.8080615,12.0,121200.73943914978,351508955.0
2017-08-30,34.904292,28.4743702932,29.27827125,34.904292,227.0,5023972.983036012,351508955.0
2017-08-31,29.852355,28.9340047068,29.04863775,29.27827125,101.0,1303226.663357045,351508955.0
2017-09-01,28.9625711142,27.596435496,28.015287,29.04863775,47.0,863646.8546618852,351508955.0
2017-09-04,28.2908472,24.800418,25.259685,28.015287,108.0,1607899.1087972792,351508955.0
2017-09-05,25.0757944932,23.422617,23.881884,25.0300515,66.0,3020102.685366029,351508955.0
2017-09-06,24.1574442,23.6524342068,24.1115175,23.76706725,29.0,1291261.9456655933,351508955.0
2017-09-07,24.341151,23.881884,24.1115175,24.1115175,14.0,339527.9869879613,351508955.0
2017-09-08,25.7648787,24.14366619,25.0300515,24.1115175,49.0,1304540.7137895825,351508955.0
2017-09-11,27.0048996,24.5707845,26.4078525,25.0300515,75.0,1388594.2164361908,351508955.0
2017-09-12,27.0048996,25.960067175,26.4078525,26.4078525,25.0,420967.5417567559,351508955.0
2017-09-13,26.4078525,24.6167112,25.0300515,26.4078525,43.0,503835.45954749634,351508955.0
2017-09-14,25.1678316,23.90944002,24.1115175,25.0300515,24.0,532810.9792343016,351508955.0
2017-09-15,24.14825886,23.422617,23.6522505,24.1115175,26.0,240099.9854115362,351508955.0
2017-09-18,23.7900306,22.504083,22.7337165,23.6522505,31.0,289538.54729384,351508955.0
2017-09-19,22.86231126,21.9529626,22.61889975,22.044816,18.0,3115796.475688434,351508955.0
2017-09-20,22.504083,20.7588684,20.8966485,22.61889975,57.0,578603.5138601293,351508955.0
2017-09-21,21.02524326,20.2996014,20.4373815,20.8966485,32.0,343903.4374339981,351508955.0
2017-09-22,22.044816,20.628436572,21.3559155,20.4373815,34.0,494057.9227333991,351508955.0
2017-09-25,21.050502945,20.207748,20.667015,21.3559155,27.0,387844.1081114037,351508955.0
2017-09-26,20.667015,20.2079317068,20.4373815,20.667015,11.0,134307.49433336165,351508955.0
2017-09-27,21.0344286,20.255971035,20.8966485,20.4373815,16.0,298955.7272784677,351508955.0
2017-09-28,22.15963275,21.0344286,21.585549,20.8966485,25.0,631035.9768936153,351508955.0
2017-09-29,22.96335,21.3559155,22.2744495,22.2744495,112.0,5310084.330030244,351508955.0
2017-10-02,23.881884,22.12289139,22.84853325,22.2744495,58.0,3766266.6814728687,351508955.0
2017-10-03,27.096753,22.96335,26.4078525,22.84853325,145.0,2240414.617205242,351508955.0
2017-10-04,28.8419676,26.29303575,26.4078525,26.4078525,92.0,1143545.0402489183,351508955.0
2017-10-05,27.55602,26.637486,27.096753,26.4078525,39.0,479434.6208196975,351508955.0
2017-10-06,27.55602,25.9026588,27.096753,27.096753,22.0,311274.2696514228,351508955.0
2017-10-09,30.770889,26.67422736,30.5412555,27.096753,83.0,2357096.1989430985,351508955.0
2017-10-10,31.5975696,29.18182518,29.852355,31.4597895,43.0,562437.5363350731,351508955.0
2017-10-11,30.29784399,28.933821,29.6227215,29.1634545,12.0,122000.9275650112,351508955.0
2017-10-12,29.1634545,27.3263865,28.015287,29.6227215,37.0,950796.59544448,351508955.0
2017-10-13,27.7397268,26.29303575,26.98193625,28.015287,25.0,352323.3761624502,351508955.0
2017-10-16,28.28166186,27.0508263,28.13010375,26.98193625,38.0,581308.9118094704,351508955.0
2017-10-17,28.27247652,25.776360375,26.637486,28.13010375,46.0,719470.3734428992,351508955.0
2017-10-18,27.55602,26.7293394,27.096753,26.8671195,34.0,355049.4592470176,351508955.0
2017-10-19,27.096753,26.21496036,26.4078525,27.096753,17.0,338225.91216002894,351508955.0
2017-10-20,26.178219,25.8108054,26.178219,25.9485855,20.0,243347.5516420732,351508955.0
2017-10-23,26.637486,25.9026588,26.178219,26.178219,13.0,86923.29298643273,351508955.0
2017-10-24,25.83836142,24.800418,25.259685,26.178219,23.0,248303.27456577547,351508955.0
2017-10-25,25.718952,25.259685,25.60413525,25.259685,13.0,276740.98073669564,351508955.0
2017-10-26,26.178219,25.718952,25.9485855,25.60413525,14.0,186927.21227521249,351508955.0
2017-10-27,25.72813734,24.80960334,25.0300515,25.9485855,19.0,348754.64599024097,351508955.0
2017-10-30,26.06799492,25.02545883,25.718952,25.0300515,30.0,331261.5537367153,351508955.0
2017-10-31,26.178219,25.9485855,25.9485855,25.718952,25.0,255157.6751649912,351508955.0
2017-11-01,26.178219,25.718952,25.9485855,25.9485855,11.0,65635.02276453566,351508955.0
2017-11-02,26.178219,25.259685,25.4893185,25.9485855,14.0,99572.79752300947,351508955.0
2017-11-03,25.718952,25.259685,25.718952,25.4893185,11.0,78760.28541131847,351508955.0
2017-11-06,25.718952,24.800418,25.0300515,25.718952,14.0,404357.378169997,351508955.0
2017-11-07,25.15864626,24.800418,25.0300515,25.0300515,18.0,272056.34195359127,351508955.0
2017-11-08,25.259685,24.459641886,25.0300515,25.259685,31.0,751676.0402989982,351508955.0
2017-11-09,25.0759782,24.12529551,24.341151,24.91523475,10.0,125554.41605863256,351508955.0
2017-11-10,24.2492976,23.541107886,23.76706725,24.45596775,29.0,963531.0179046176,351508955.0
2017-11-13,23.881884,23.6522505,23.881884,23.76706725,6.0,314626.3502494192,351508955.0
2017-11-14,23.881884,23.6522505,23.76706725,23.76706725,8.0,152733.59505472853,351508955.0
2017-11-15,23.881884,23.663732175,23.76706725,23.76706725,8.0,88080.57186778061,351508955.0
2017-11-16,23.6981772,22.96335,23.422617,23.76706725,8.0,238687.95275950592,351508955.0
2017-11-17,23.6522505,22.96335,23.422617,23.422617,6.0,358961.1271874531,351508955.0
2017-11-20,23.422617,22.96335,22.96335,23.1929835,12.0,236995.0377449284,351508955.0
2017-11-21,23.422617,21.585549,21.8151825,23.1929835,15.0,666704.7708631363,351508955.0
2017-11-22,21.7692558,21.126282,21.3559155,21.8151825,16.0,270413.506740088,351508955.0
2017-11-23,23.422617,21.126282,21.3559155,21.3559155,23.0,227576.76906897296,351508955.0
2017-11-24,21.585549,21.36510084,21.3559155,21.3559155,11.0,172153.6709582879,351508955.0
2017-11-27,21.57636366,21.4018422,21.3559155,21.3559155,11.0,75418.00303527142,351508955.0
2017-11-28,21.51206628,21.202061055,21.3559155,21.3559155,4.0,14787.694304184712,351508955.0
2017-11-29,21.482213925,21.1722087,21.3559155,21.3559155,13.0,188107.3536744421,351508955.0
2017-11-30,21.5396223,20.785505886,20.8966485,21.3559155,10.0,279020.700376905,351508955.0
2017-12-01,21.4936956,21.0344286,21.3559155,20.8966485,13.0,953503.0820851488,351508955.0
2017-12-04,21.48910293,21.13087467,21.3559155,21.3559155,10.0,63551.267563312846,351508955.0
2017-12-05,21.48451026,21.1722087,21.3559155,21.3559155,5.0,23436.25821145434,351508955.0
2017-12-06,21.47073225,20.7129417,21.24109875,21.3559155,11.0,249287.45152601865,351508955.0
2017-12-07,21.24109875,20.74968306,20.8966485,21.24109875,8.0,93700.39650138156,351508955.0
2017-12-08,21.0344286,20.09293125,20.8966485,20.8966485,17.0,348555.4154772714,351508955.0
2017-12-11,20.9425752,20.667015,20.8966485,20.8966485,8.0,103763.17044333689,351508955.0
2017-12-12,20.7588684,20.207748,20.4373815,20.8966485,20.0,341994.9615365354,351508955.0
2017-12-13,16.64842875,14.696544,15.155811,17.911413,167.0,4683703.597253885,351508955.0
2017-12-14,16.074345,14.696544,15.615078,15.04099425,44.0,2317664.887745037,351508955.0
2017-12-15,15.7069314,14.98588221,15.8447115,15.50026125,9.0,646997.2804490634,351508955.0
2017-12-18,16.441758599999996,15.615078,16.074345,15.8447115,37.0,845404.7427749,351508955.0
2017-12-19,16.533611999999998,15.615078,16.18916175,16.074345,36.0,1199587.6037250664,351508955.0
2017-12-20,16.533611999999998,16.1202717,16.533611999999998,16.18916175,9.0,152102.154084661,351508955.0
2017-12-21,16.740282150000002,16.00545495,16.533611999999998,16.18916175,13.0,377543.9994600091,351508955.0
2017-12-22,16.854915193199997,16.533611999999998,16.64842875,16.533611999999998,15.0,339495.3262481302,356308697.0
2017-12-27,16.992879,16.40042457,16.992879,16.64842875,17.0,318321.3686156419,356308697.0
2017-12-28,16.933174289999997,16.55657535,16.7632455,16.7632455,11.0,602759.397039195,356308697.0
2017-12-29,17.681779499999998,16.64842875,17.2225125,16.7632455,15.0,1304759.5407464504,356308697.0
2018-01-02,20.2075642932,17.107695749999998,19.748481,17.2225125,46.0,624757.4940067542,356308697.0
2018-01-03,22.5959364,19.16980458,20.8047951,19.289214,73.0,1314464.1352415916,356308697.0
2018-01-04,21.010546716,20.207748,20.4373815,20.8047951,16.0,174896.08441277078,356308697.0
2018-01-05,20.667015,19.748481,19.6107009,20.4373815,23.0,329651.37926304305,356308697.0
2018-01-08,21.0344286,19.63366425,20.5751616,19.6107009,21.0,261105.1958882306,356308697.0
2018-01-09,21.56258565,20.32256475,21.2640621,20.5751616,15.0,228015.51167403712,356308697.0
2018-01-10,21.4936956,21.05279928,21.4018422,21.2640621,14.0,63254.05483085003,356308697.0
2018-01-11,21.477161988,21.05739195,21.3559155,21.3559155,9.0,46926.950989293815,356308697.0
2018-01-12,21.39724953,21.0344286,21.2181354,21.3559155,12.0,227974.1414035844,356308697.0
2018-01-15,21.39724953,21.0344286,21.2181354,21.2181354,9.0,85535.21154361189,356308697.0
2018-01-16,21.34673016,20.78642442,20.9425752,21.2640621,14.0,265226.98125491274,356308697.0
2018-01-17,20.999983575,20.72212704,20.8966485,20.9425752,11.0,64245.85263038712,356308697.0
2018-01-18,20.99309457,20.72212704,20.8966485,20.8966485,6.0,64581.169559319525,356308697.0
2018-01-19,20.962782948,20.207748,20.8966485,20.8966485,14.0,2533810.397873133,356308697.0
2018-01-22,20.7588684,18.37068,18.6462402,20.8966485,21.0,199569.0959724953,356308697.0
2018-01-23,19.0595805,17.452146,18.6003135,18.6003135,24.0,124030.2481998489,356308697.0
2018-01-24,18.54979413,17.911413,18.6003135,18.6003135,8.0,71269.00038539674,356308697.0
2018-01-25,18.37068,17.5439994,17.681779499999998,18.6003135,12.0,97896.21287834746,356308697.0
2018-01-26,17.85630096,17.452146,17.681779499999998,17.681779499999998,10.0,85548.27583954432,356308697.0
2018-01-29,17.62207479,16.992879,17.475109349999997,17.681779499999998,9.0,302063.94101905863,356308697.0
2018-01-30,17.681779499999998,16.533611999999998,16.8091722,17.475109349999997,22.0,260293.03215776445,356308697.0
2018-01-31,16.901025599999997,16.533611999999998,16.7632455,16.8091722,11.0,112634.91607278556,356308697.0
2018-02-01,16.7632455,16.533611999999998,16.7632455,16.7632455,13.0,229625.6861477093,356308697.0
2018-02-02,16.850506229999997,16.533611999999998,16.7632455,16.7632455,10.0,93343.3057458951,356308697.0
2018-02-05,16.5795387,15.622426271999998,16.074345,16.533611999999998,19.0,312192.03644067614,356308697.0
2018-02-06,16.074345,15.59211465,16.212125099999998,15.8447115,17.0,344710.15770782577,356308697.0
2018-02-07,16.8091722,15.8906382,16.441758599999996,16.212125099999998,10.0,111924.00063579576,356308697.0
2018-02-08,17.401167363,16.6713921,17.1306591,16.441758599999996,7.0,106451.14933143466,356308697.0
2018-02-09,19.5188475,16.6713921,18.829947,17.2684392,26.0,335308.219401786,356308697.0
2018-02-12,19.0595805,17.98030305,18.1410465,18.829947,13.0,277047.9916911078,356308697.0
2018-02-13,18.57735015,17.75526222,18.1410465,18.1410465,4.0,36996.9973893182,356308697.0
2018-02-14,18.1410465,17.452146,18.1410465,18.1410465,6.0,141056.2918737902,356308697.0
2018-02-15,18.6003135,17.9573397,18.7380936,18.1410465,10.0,252582.92017497448,356308697.0
2018-02-16,18.40742136,17.911413,18.1410465,18.7380936,11.0,234724.02763534067,356308697.0
2018-02-19,18.37068,17.94356169,18.1410465,18.1410465,6.0,40303.35295155106,356308697.0
2018-02-20,18.1869732,17.96193237,18.1410465,18.1410465,6.0,192512.1987863269,356308697.0
2018-02-21,18.1410465,17.98030305,18.1410465,18.1410465,13.0,373616.00114965806,356308697.0
2018-02-22,18.1410465,17.911413,17.911413,18.1410465,9.0,509342.0602830162,356308697.0
2018-02-23,18.13186116,17.176585799999998,17.79659625,18.1410465,8.0,152527.83239379272,356308697.0
2018-02-26,17.5899261,16.871632511999998,17.06176905,17.79659625,12.0,107021.62358715084,356308697.0
2018-02-27,17.4978889932,16.856935968,17.0388057,17.06176905,5.0,43023.99257947991,356308697.0
2018-02-28,17.452146,16.584131369999998,16.992879,17.0388057,6.0,111275.14060448496,356308697.0
2018-03-01,16.735689479999998,16.735689479999998,16.992879,16.992879,2.0,4804.39482915167,356308697.0
2018-03-02,16.735689479999998,16.533611999999998,16.992879,16.992879,6.0,123374.85602057193,356308697.0
2018-03-05,17.452146,16.074345,16.3039785,16.992879,5.0,696427.1328007455,356308697.0
2018-03-06,16.533611999999998,15.638041349999998,15.95952825,16.3039785,9.0,383513.2940098026,356308697.0
2018-03-07,16.533611999999998,15.7069314,16.3039785,16.074345,16.0,243490.1702060022,356308697.0
2018-03-08,16.294793159999998,15.8906382,16.212125099999998,16.212125099999998,8.0,78104.89323204149,356308697.0
2018-03-09,16.38664656,15.99167694,16.212125099999998,16.212125099999998,8.0,75768.56164279167,356308697.0
2018-03-12,16.161605729999998,15.982491599999998,16.1661984,16.212125099999998,5.0,55302.25337331008,356308697.0
2018-03-13,16.901025599999997,16.074345,16.3958319,16.3039785,45.0,966859.1472934046,356308697.0
2018-03-14,16.533611999999998,16.18916175,16.3039785,16.3958319,12.0,240297.0385418504,356308697.0
2018-03-15,16.3039785,16.074345,16.3499052,16.3039785,7.0,113823.7670026368,356308697.0
2018-03-16,16.9469523,16.212125099999998,16.5795387,16.3499052,16.0,475202.8776289174,356308697.0
2018-03-19,16.3958319,16.1661984,16.5795387,16.5795387,5.0,59045.1741579517,356308697.0
2018-03-20,17.82874494,16.1661984,17.33732925,16.5795387,8.0,83904.35193471336,356308697.0
2018-03-21,17.984895719999997,17.2684392,17.681779499999998,17.33732925,11.0,141382.89927210097,356308697.0
2018-03-22,17.911413,17.452146,17.681779499999998,17.681779499999998,4.0,356573.6271058012,356308697.0
2018-03-23,16.91021094,16.3039785,16.64842875,16.87806225,2.0,34838.122486483895,356308697.0
2018-03-26,16.992879,16.992879,16.64842875,16.64842875,1.0,544.3456638513109,356308697.0
2018-03-27,16.992879,16.3039785,16.64842875,16.64842875,8.0,64685.68392677898,356308697.0
2018-03-28,16.9375832532,15.615078,16.64842875,16.64842875,15.0,439632.0658788896,356308697.0
2018-03-29,16.384350225,16.074345,16.64842875,16.7632455,6.0,97757.94907972922,356308697.0
2018-04-03,16.901025599999997,15.615078,16.3039785,16.64842875,18.0,427825.2084299547,356308697.0
2018-04-04,17.0388057,16.074345,16.7632455,16.533611999999998,9.0,125014.42516009208,356308697.0
2018-04-05,16.7632455,16.200643425,16.64842875,16.7632455,11.0,168323.65486743007,356308697.0
2018-04-06,16.992879,16.074345,16.87806225,16.64842875,8.0,185265.86930913827,356308697.0
2018-04-09,17.452146,16.074345,16.074345,16.87806225,13.0,205554.72089220432,356308697.0
2018-04-10,17.09391774,16.4876853,16.7632455,16.7632455,5.0,38537.495618017405,356308697.0
2018-04-11,17.231697840000002,16.533611999999998,16.533611999999998,16.7632455,7.0,77826.18825214963,356308697.0
2018-04-12,17.814966929999997,16.992879,17.911413,16.7632455,6.0,94998.11656400308,356308697.0
2018-04-13,18.829947,17.452146,18.37068,17.911413,7.0,47612.82652574647,356308697.0
2018-04-16,19.9321878,18.37068,19.3351407,18.37068,15.0,413501.2966313713,356308697.0
2018-04-17,21.3559155,19.03661715,20.2996014,19.3351407,41.0,606040.7127008908,356308697.0
2018-04-18,20.839699392,18.829947,19.5188475,20.2996014,18.0,278181.3193632462,356308697.0
2018-04-19,19.21573128,18.6003135,18.9218004,19.5188475,13.0,220085.48404305123,356308697.0
2018-04-20,18.9677271,18.5543868,18.9218004,18.9218004,8.0,180410.3059875845,356308697.0
2018-04-23,18.99069045,18.66001821,18.9218004,18.9218004,4.0,80411.83015544336,356308697.0
2018-04-24,19.14684123,18.69675957,18.9677271,18.9218004,7.0,213528.29617629832,356308697.0
2018-04-25,19.0595805,18.659099676,18.6921669,18.9677271,7.0,73844.84406674113,356308697.0
2018-04-26,18.58194282,17.911413,18.1410465,18.6921669,13.0,534634.5372082036,356308697.0
2018-04-27,18.21912189,17.911413,18.1410465,18.1410465,6.0,425695.7281929684,356308697.0
2018-04-30,18.2707435008,17.916005669999997,18.1869732,18.1410465,13.0,329888.71397248225,356308697.0
2018-05-01,18.02622975,18.0032664,18.1869732,18.1869732,3.0,119756.0460472884,356308697.0
2018-05-02,18.04000776,17.2684392,17.819559599999998,18.1869732,15.0,405222.88777552056,356308697.0
2018-05-03,17.452146,17.2684392,17.5899261,17.819559599999998,2.0,11331.099338728887,356308697.0
2018-05-04,17.56696275,17.2684392,17.5439994,17.5899261,6.0,30095.78306301128,356308697.0
2018-05-07,,,,,,,
2018-05-08,19.006305528,16.533611999999998,17.911413,17.5899261,21.0,1094692.1943009186,356308697.0
2018-05-09,18.37068,17.0847324,17.5899261,17.911413,15.0,399146.90147561225,356308697.0
2018-05-10,17.5899261,17.452146,17.33732925,17.5899261,5.0,34567.03834588594,356308697.0
2018-05-11,17.44755333,17.02043502,17.2225125,17.33732925,13.0,73798.03033964992,356308697.0
2018-05-14,17.452146,17.02043502,17.2225125,17.2225125,15.0,446215.3823375074,356308697.0
2018-05-15,17.0849161068,16.533611999999998,16.87806225,17.2225125,14.0,949976.81087472,356308697.0
2018-05-16,17.04339837,16.60250205,16.7632455,16.87806225,7.0,58459.458223647685,356308697.0
2018-05-17,16.901025599999997,16.6254654,16.7632455,16.7632455,10.0,99684.93272976286,356308697.0
2018-05-18,16.7632455,16.53820467,16.7632455,16.7632455,4.0,11956.008160830192,356308697.0
2018-05-21,16.8091722,16.533611999999998,16.6713921,16.7632455,9.0,359529.42406051385,356308697.0
2018-05-22,16.7632455,16.1661984,16.41879525,16.6713921,4.0,93627.45418242548,356308697.0
2018-05-23,16.41879525,16.075722800999998,16.533611999999998,16.41879525,6.0,96632.2422468847,356308697.0
2018-05-24,16.6254654,16.074345,16.533611999999998,16.533611999999998,8.0,92636.74507421609,356308697.0
2018-05-25,16.441758599999996,16.0745287068,16.41879525,16.41879525,5.0,30496.42147160584,356308697.0
2018-05-28,,,,,,,
2018-05-29,16.41879525,16.09730835,16.41879525,16.41879525,3.0,23274.04320362665,356308697.0
2018-05-30,16.206154629,15.7069314,15.798784799999998,16.41879525,18.0,771096.1162025576,356308697.0
2018-05-31,15.615096370679998,15.3395178,15.3854445,15.7069314,16.0,180780.46103900345,356308697.0
2018-06-01,15.615078,15.155811,15.3854445,15.3854445,6.0,235687.5194603575,356308697.0
2018-06-04,15.51403926,14.698381067999998,15.155811,15.3854445,12.0,306045.2852044672,356308697.0
2018-06-05,16.992879,15.4313712,15.982491599999998,15.3395178,61.0,1737715.7514038675,356308697.0
2018-06-06,16.3499052,15.914520084,16.074345,15.982491599999998,13.0,933306.7692649374,356308697.0
2018-06-07,16.22131044,15.85389684,16.074345,16.074345,3.0,32116.394167227343,356308697.0
2018-06-08,15.798784799999998,14.949140849999996,15.2017377,16.074345,27.0,5238878.473741855,356308697.0
2018-06-11,16.0284183,14.9721042,15.9365649,15.2017377,22.0,11088673.90864138,356308697.0
2018-06-12,16.4876853,16.074345,16.3039785,15.9365649,10.0,266769.6568662673,356308697.0
2018-06-13,17.075547059999998,16.441758599999996,16.96991565,16.3039785,25.0,1139867.440943939,356308697.0
2018-06-14,17.805781590000002,16.992879,17.314365900000002,16.96991565,44.0,1524184.189153586,356308697.0
2018-06-15,17.39703396,17.25008689068,17.314365900000002,17.314365900000002,7.0,19986.19539396473,356308697.0
2018-06-18,17.2684392,16.533611999999998,16.8550989,17.314365900000002,9.0,249987.48004973144,356308697.0
2018-06-19,17.176585799999998,16.533611999999998,16.8550989,16.8550989,16.0,1100292.422490621,356308697.0
2018-06-20,16.58872404,16.074345,16.441758599999996,16.8550989,17.0,209880.09153716685,356308697.0
2018-06-21,17.452146,16.364601743999998,17.2225125,16.441758599999996,17.0,243215.8199914212,356308697.0
2018-06-22,17.452146,16.5337957068,16.992879,17.2225125,6.0,50653.54140401989,356308697.0
2018-06-25,16.6254654,16.074345,16.18916175,16.992879,11.0,177753.8991479902,356308697.0
2018-06-26,15.867674849999998,15.615078,15.752858099999996,16.18916175,7.0,155151.57849355604,356308697.0
2018-06-27,15.615261706799998,15.615078,15.752858099999996,15.752858099999996,3.0,48991.10974661799,356308697.0
2018-06-28,15.78041412,15.615078,15.752858099999996,15.752858099999996,4.0,74338.02123819043,356308697.0
2018-06-29,15.8906382,15.615078,15.752858099999996,15.752858099999996,8.0,88379.96198289884,356308697.0
2018-07-02,15.8906382,15.4772979,15.6610047,15.752858099999996,16.0,112493.3862001842,356308697.0
2018-07-03,15.8906382,15.648145224,15.752858099999996,15.6610047,10.0,97776.45683230016,356308697.0
2018-07-04,15.818992548,15.638041349999998,15.752858099999996,15.752858099999996,5.0,22921.307213451,356308697.0
2018-07-05,15.751021032,15.615078,15.7069314,15.752858099999996,4.0,55159.63480938104,356308697.0
2018-07-06,15.749183964,15.74367276,15.7069314,15.7069314,4.0,44520.94315507101,356308697.0
2018-07-09,15.752858099999996,15.2476644,15.5232246,15.7069314,14.0,362211.9594919731,356308697.0
2018-07-10,15.5232246,14.8802508,15.2017377,15.5232246,7.0,258719.8731892341,356308697.0
2018-07-11,15.19714503,14.7883974,15.063957599999998,15.2017377,8.0,155640.40089969453,356308697.0
2018-07-12,14.9721042,14.20512831,14.4669105,14.8802508,20.0,591251.9297053784,356308697.0
2018-07-13,14.696544,14.237277,14.4669105,14.4669105,12.0,628517.8338526391,356308697.0
2018-07-16,14.6046906,14.54957856,14.4669105,14.4669105,5.0,72647.28360626825,356308697.0
2018-07-17,14.89862148,14.57713458,14.834324099999998,14.4669105,10.0,517542.0833632724,356308697.0
2018-07-18,15.155811,14.79758274,14.9721042,14.834324099999998,6.0,130032.20348947344,356308697.0
2018-07-19,15.063957599999998,14.79758274,14.9721042,14.9721042,3.0,9138.475004735808,356308697.0
2018-07-20,15.063957599999998,14.7883974,14.9721042,14.9721042,6.0,180025.99794890554,356308697.0
2018-07-23,15.155811,14.7883974,14.9721042,14.9721042,7.0,153662.24875725884,356308697.0
2018-07-24,15.063957599999998,14.8345078068,14.9721042,14.9721042,5.0,48541.4802282768,356308697.0
2018-07-25,15.063957599999998,14.7883974,14.9721042,14.9721042,7.0,215457.45720898733,356308697.0
2018-07-26,14.858205983999998,14.858205983999998,14.9721042,14.9721042,1.0,54434.56638513109,356308697.0
2018-07-27,14.9721042,14.492170185,14.58172725,14.9721042,10.0,132037.5729151017,356308697.0
2018-07-30,14.8802508,14.3750571,14.5128372,14.58172725,9.0,186056.2592130504,356308697.0
2018-07-31,14.696544,14.38424244,14.58172725,14.5128372,5.0,25391.54783600825,356308697.0
2018-08-01,14.5587639,14.5587639,14.58172725,14.58172725,5.0,26188.469887886567,356308697.0
2018-08-02,14.4027968268,14.237277,14.5128372,14.4669105,3.0,260124.2850019705,356308697.0
2018-08-03,14.62765395,14.399857518,14.5128372,14.5128372,8.0,611451.5085995728,356308697.0
2018-08-06,14.696544,14.40261312,14.7883974,14.5128372,12.0,268280.7604291186,356308697.0
2018-08-07,14.95832619,14.95832619,14.7883974,14.7883974,1.0,3266.0739831078654,356308697.0
2018-08-08,14.850398445,14.49446652,14.7883974,14.7883974,5.0,49415.699364422006,356308697.0
2018-08-09,14.82973143,14.420983799999998,14.7883974,14.7883974,3.0,33995.47539884207,356308697.0
2018-08-10,14.783804729999998,14.48528118,14.7883974,14.7883974,7.0,86684.86958566586,356308697.0
2018-08-13,14.49446652,14.191350299999998,14.67358065,14.7883974,4.0,78305.21243633878,356308697.0
2018-08-14,14.67358065,14.431087674,14.7883974,14.67358065,6.0,58636.91491006321,356308697.0
2018-08-15,14.682765989999998,14.420983799999998,14.7883974,14.7883974,14.0,118777.31254368374,356308697.0
2018-08-16,14.4669105,14.420983799999998,14.7883974,14.7883974,5.0,29756.11136876806,356308697.0
2018-08-17,14.6046906,14.420983799999998,14.7883974,14.7883974,4.0,408534.686794392,356308697.0
2018-08-20,14.696544,14.47609584,14.7883974,14.7883974,3.0,40770.40153113548,356308697.0
2018-08-21,14.696544,14.420983799999998,14.7883974,14.7883974,8.0,122984.01583392668,356308697.0
2018-08-22,14.6738562102,14.428332072,14.7883974,14.7883974,7.0,37533.72221387559,356308697.0
2018-08-23,14.47609584,14.47609584,14.7883974,14.7883974,1.0,26946.1990519676,356308697.0
2018-08-24,14.641431959999998,14.420983799999998,14.7883974,14.7883974,4.0,38642.009985476856,356308697.0
2018-08-27,,,,,,,
2018-08-28,14.595486889319998,14.4669105,14.7883974,14.7883974,12.0,1009798.2219493235,356308697.0
2018-08-29,14.60009793,14.47609584,14.7883974,14.7883974,2.0,19027.058334258723,356308697.0
2018-08-30,14.696544,14.496762855,14.7883974,14.7883974,3.0,26528.141582129785,356308697.0
2018-08-31,14.510540865,14.498140656,14.7883974,14.7883974,6.0,49778.233576546976,356308697.0
2018-09-03,14.7883974,14.511000132,14.7883974,14.7883974,3.0,20759.16623663359,356308697.0
2018-09-04,14.511000132,14.47609584,14.7883974,14.7883974,4.0,64733.586345197895,356308697.0
2018-09-05,14.7883974,14.458643694,14.7883974,14.7883974,6.0,6351739.837610802,356308697.0
2018-09-06,14.597342327999998,14.420983799999998,14.5587639,14.7883974,6.0,190712.59202163448,356308697.0
2018-09-07,14.423739402,14.423739402,14.5587639,14.5587639,1.0,5443.456638513109,356308697.0
2018-09-10,14.468747568,14.237277,14.420983799999998,14.5587639,6.0,27300.023733470945,356308697.0
2018-09-11,14.420983799999998,14.237277,14.3750571,14.420983799999998,8.0,99387.71999730004,356308697.0
2018-09-12,14.40261312,14.237277,14.3291304,14.3750571,5.0,182563.7374337804,356308697.0
2018-09-13,14.3291304,14.1456073068,14.2832037,14.3291304,3.0,51315.46573126308,356308697.0
2018-09-14,14.1456073068,13.7320833,14.16838695,14.2832037,6.0,95617.58192946589,356308697.0
2018-09-17,14.07653355,13.77801,13.9617168,14.16838695,7.0,2249067.535877823,356308697.0
2018-09-18,13.97090214,13.780306335,13.9617168,13.9617168,3.0,5852.804577729295,356308697.0
2018-09-19,13.97090214,13.77801,13.9617168,13.9617168,3.0,13409.411083313193,356308697.0
2018-09-20,13.97090214,13.97090214,13.9617168,13.9617168,1.0,14272.743306181372,356308697.0
2018-09-21,13.77801,12.859476,13.2268896,13.9617168,15.0,234409.39584163463,356308697.0
2018-09-24,12.400209,8.840889749999999,9.4609002,12.400209,113.0,4095457.5443042936,356308697.0
2018-09-25,9.8742405,9.0662979936,9.5068269,9.4609002,37.0,1800580.0547394,356308697.0
2018-09-26,10.103874,9.4609002,9.94313055,9.52979025,37.0,1419705.7485079486,356308697.0
2018-09-27,10.045087824,9.58030962,9.7364604,9.94313055,33.0,1824525.8204922192,356308697.0
2018-09-28,10.041413688,9.7364604,9.8742405,9.9201672,10.0,430233.3936468329,356308697.0
2018-10-01,10.449242784,9.80535045,10.3794342,9.8742405,36.0,3643204.279863348,356308697.0
2018-10-02,11.12803941,10.449242784,11.09129805,10.3794342,43.0,7623911.58084513,356308697.0
2018-10-03,11.940942,11.0683347,11.8031619,11.04537135,31.0,2287215.2800005227,356308697.0
2018-10-04,12.594019674,11.8950153,12.2165022,11.82612525,26.0,745323.5264018534,356308697.0
2018-10-05,12.28998492,11.7572352,12.05575875,12.2165022,20.0,457459.3863700201,356308697.0
2018-10-08,11.8950153,11.7113085,11.82612525,12.05575875,12.0,146991.83699242488,356308697.0
2018-10-09,11.89042263,11.481675,11.82612525,11.82612525,10.0,220268.38418610525,356308697.0
2018-10-10,11.7113085,11.7113085,11.8031619,11.82612525,4.0,60558.45510345834,356308697.0
2018-10-11,11.4438313992,11.2979682,11.435748299999998,11.45871165,7.0,164622.10435324116,356308697.0
2018-10-12,11.355376575,11.114261399999998,11.114261399999998,11.435748299999998,9.0,192427.2808627661,356308697.0
2018-10-15,11.2344056472,11.022408,11.2520415,11.2520415,9.0,97573.96024534748,356308697.0
2018-10-16,11.3438949,11.022408,11.1601881,11.2520415,6.0,50013.39090333074,356308697.0
2018-10-17,11.07752004,11.022408,11.0683347,11.1601881,8.0,794539.9952533059,356308697.0
2018-10-18,11.04077868,10.8846279,10.99944465,11.0683347,4.0,123733.03546738609,356308697.0
2018-10-19,11.09129805,10.94892528,10.99944465,10.99944465,8.0,395504.1402931192,356308697.0
2018-10-22,11.09589072,10.919072924999998,10.99944465,10.99944465,7.0,198548.99219843795,356308697.0
2018-10-23,11.05455669,10.7927745,10.99944465,10.99944465,2.0,261285.91864862925,356308697.0
2018-10-24,11.01322266,10.8846279,10.99944465,10.99944465,3.0,89868.20302786832,356308697.0
2018-10-25,10.99485198,10.82492319,10.95351795,10.99944465,5.0,34348.21138901772,356308697.0
2018-10-26,11.114261399999998,10.86166455,10.9305546,10.95351795,5.0,127731.7987140378,356308697.0
2018-10-29,10.9352391234,10.563141,10.7927745,10.9305546,4.0,227375.361173348,356308697.0
2018-10-30,10.8846279,10.632031049999998,10.7009211,10.7927745,4.0,35960.5632453453,356308697.0
2018-10-31,10.73766246,10.48506561,10.58610435,10.7009211,9.0,44417.51747893927,356308697.0
2018-11-01,10.732610523,10.48506561,10.58610435,10.58610435,3.0,31936.76009815641,356308697.0
2018-11-02,10.732610523,10.4253609,10.67795775,10.58610435,9.0,388735.7463087921,356308697.0
2018-11-05,10.7009211,10.103874,10.67795775,10.67795775,4.0,212999.19219103485,356308697.0
2018-11-06,10.49884362,10.167252846,10.58610435,10.67795775,3.0,15048.98022283334,356308697.0
2018-11-07,10.479554406,10.1498007,10.58610435,10.58610435,4.0,58740.34058619496,356308697.0
2018-11-08,11.4,11.0,11.475,11.275,5.0,339955.0,356308697.0
2018-11-09,11.42,11.2,11.25,11.475,8.0,234443.0,356308697.0
2018-11-12,11.2277,11.2,11.25,11.475,3.0,90435.0,356308697.0
2018-11-13,11.025,11.025,11.25,11.25,1.0,2240.0,356308697.0
2018-11-14,11.003,11.003,11.15,11.25,1.0,10000.0,356308697.0
2018-11-15,11.2,11.0,11.15,11.15,4.0,15299.0,356308697.0
2018-11-16,11.0002,11.0,11.05,11.15,3.0,11953.0,356308697.0
2018-11-19,11.1,11.0,11.05,11.05,2.0,3181.0,356308697.0
2018-11-20,11.1,10.8,10.9,11.05,5.0,262688.0,356308697.0
2018-11-21,11.05,10.9,11.05,11.05,9.0,1565148.0,356308697.0
2018-11-22,10.99,10.9,11.05,11.05,4.0,40500.0,356308697.0
2018-11-23,11.05,10.81,10.95,11.05,10.0,146266.0,356308697.0
2018-11-26,11.0521,10.95,10.95,10.95,6.0,1020877.0,356308697.0
2018-11-27,15.475,10.95,15.125,10.95,129.0,5647241.0,356308697.0
2018-11-28,18.0,15.075,17.375,15.125,88.0,1727362.0,356308697.0
2018-11-29,17.705,16.75,17.125,17.25,23.0,827274.0,356308697.0
2018-11-30,16.875,16.75,17.125,17.125,11.0,183901.0,356308697.0
2018-12-03,17.0,16.82639,17.125,17.125,13.0,200879.0,387910200.0
2018-12-04,17.0,16.75,17.125,17.125,15.0,466324.0,387910200.0
2018-12-05,17.25,16.59,16.875,17.125,13.0,142404.0,387910200.0
2018-12-06,18.625,16.825,18.625,16.875,46.0,1061955.0,387910200.0
2018-12-07,19.3,18.25,18.975,18.625,29.0,379289.0,387910200.0
2018-12-10,19.35,18.8,19.1,18.975,9.0,74655.0,387910200.0
2018-12-11,19.4,18.96,19.35,19.1,17.0,123546.0,387910200.0
2018-12-12,20.64,19.315,19.65,19.35,33.0,517718.0,387910200.0
2018-12-13,20.9998,19.3,20.75,19.65,27.0,441770.0,387910200.0
2018-12-14,23.5,20.95,23.5,20.75,47.0,1217083.0,387910200.0
2018-12-17,23.8667,22.185,23.0,23.5,45.0,1763020.0,387910200.0
2018-12-18,24.7998,22.7002,24.4,23.0,34.0,851740.0,387910200.0
2018-12-19,27.8,24.8,25.75,24.4,61.0,1351745.0,387910200.0
2018-12-20,27.25,25.5502,26.7,25.75,46.0,980789.0,387910200.0
2018-12-21,27.5,25.0002,25.75,27.0,28.0,699270.0,387910200.0
2018-12-24,25.6602,24.0882,24.4,25.75,14.0,169411.0,387910200.0
2018-12-27,24.15,23.0,23.4,24.4,16.0,120815.0,387910200.0
2018-12-28,23.0,21.24,22.7,23.4,25.0,271679.0,387910200.0
2018-12-31,22.5,21.4,22.0,22.7,17.0,254961.0,387910200.0
2019-01-02,25.575,21.80002,25.5,22.0,52.0,680808.0,387910200.0
2019-01-03,25.8,24.6,25.0,25.5,20.0,303622.0,387910200.0
2019-01-04,26.445,24.8,25.0,25.0,23.0,347280.0,387910200.0
2019-01-07,27.485,25.0,26.25,25.2,25.0,451684.0,387910200.0
2019-01-08,27.4,26.326,26.65,26.0,26.0,550420.0,387910200.0
2019-01-09,27.44,26.50002,26.75,26.8,18.0,222534.0,387910200.0
2019-01-10,27.485,26.62,26.9,26.75,20.0,427312.0,387910200.0
2019-01-11,27.4,26.09,26.4,26.9,14.0,190004.0,387910200.0
2019-01-14,26.0,23.19,24.25,26.4,25.0,374801.0,387910200.0
2019-01-15,25.5,23.6002,25.3,24.25,18.0,267068.0,387910200.0
2019-01-16,26.5,25.22,26.75,25.3,10.0,128444.0,387910200.0
2019-01-17,28.3,26.1,27.25,26.75,43.0,1620640.0,387910200.0
2019-01-18,27.495,26.1202,27.0,27.25,18.0,199754.0,387910200.0
2019-01-21,27.49,26.5,27.1,27.0,8.0,152647.0,387910200.0
2019-01-22,27.2598,26.5,27.1,27.1,7.0,197943.0,387910200.0
2019-01-23,27.0,26.78,27.1,27.1,5.0,224439.0,387910200.0
2019-01-24,26.95283,26.0002,26.5,27.1,10.0,754942.0,387910200.0
2019-01-25,26.31,26.0,26.0,26.5,6.0,84092.0,387910200.0
2019-01-28,25.8,25.0,25.5,26.0,10.0,154144.0,387910200.0
2019-01-29,25.745,25.15,25.5,25.5,6.0,27833.0,387910200.0
2019-01-30,25.4,24.35,24.8,25.5,13.0,169712.0,387910200.0
2019-01-31,24.64,23.85,24.3,24.8,13.0,149544.0,387910200.0
2019-02-01,24.2,23.0,23.65,24.3,14.0,178726.0,387910200.0
2019-02-04,24.0,22.64,23.4,23.75,7.0,135588.0,387910200.0
2019-02-05,23.126,21.2906,22.25,23.5,21.0,220548.0,387910200.0
2019-02-06,23.0,22.05,22.75,22.25,12.0,228191.0,387910200.0
2019-02-07,24.28,22.66,24.0,22.75,20.0,251796.0,387910200.0
2019-02-08,24.33,23.03,23.25,24.0,16.0,157948.0,387910200.0
2019-02-11,23.38,22.0,22.5,23.25,20.0,164604.0,387910200.0
2019-02-12,22.3,21.5,22.25,22.5,18.0,371137.0,387910200.0
2019-02-13,23.35,22.06,23.0,22.25,15.0,245659.0,387910200.0
2019-02-14,24.45,22.67,24.4,23.0,20.0,288815.0,387910200.0
2019-02-15,24.9,23.57,23.85,24.6,12.0,250695.0,387910200.0
2019-02-18,23.6,23.3143,23.6,23.85,3.0,30000.0,387910200.0
2019-02-19,23.64,23.0,23.25,23.6,9.0,119944.0,387910200.0
2019-02-20,23.4,23.0,23.25,23.25,5.0,54609.0,387910200.0
2019-02-21,23.369,23.0,23.15,23.25,4.0,23387.0,387910200.0
2019-02-22,,,23.15,,,,387910200.0
2019-02-25,23.3166,22.5,22.75,23.15,6.0,232504.0,387910200.0
2019-02-26,22.75,22.505,22.75,22.75,5.0,63159.0,387910200.0
2019-02-27,22.505,20.0,20.65,22.75,27.0,520268.0,387910200.0
2019-02-28,22.4998,20.0,22.0,20.25,52.0,2343949.0,387910200.0
2019-03-01,22.0998,20.3,20.75,22.0,26.0,706526.0,387910200.0
2019-03-04,21.0,20.3202,20.6,20.75,8.0,197789.0,387910200.0
2019-03-05,20.824,20.24,20.8,20.7,4.0,37800.0,387910200.0
2019-03-06,21.4661,20.24,21.0,20.6,18.0,299797.0,387910200.0
2019-03-07,22.445,20.75,22.0,21.0,16.0,197588.0,387910200.0
2019-03-08,22.3,21.6002,22.0,22.0,10.0,161919.0,387910200.0
2019-03-11,24.5,22.798,23.75,22.5,31.0,976817.0,387910200.0
2019-03-12,24.36,23.56,24.0,23.75,20.0,459431.0,387910200.0
2019-03-13,23.575,22.6,22.85,24.0,10.0,172891.0,387910200.0
2019-03-14,22.78,22.304,22.6,22.85,10.0,129673.0,387910200.0
2019-03-15,23.0,22.605,22.85,22.6,5.0,49143.0,387910200.0
2019-03-18,22.745,22.0002,22.25,22.85,13.0,157772.0,387910200.0
2019-03-19,22.1,21.85,22.0,22.25,5.0,72913.0,387910200.0
2019-03-20,23.0,22.0002,22.5,22.0,16.0,196962.0,387910200.0
2019-03-21,22.89,22.0,22.5,22.5,4.0,39531.0,387910200.0
2019-03-22,22.8498,22.0,22.5,22.5,3.0,29064.0,387910200.0
2019-03-25,22.135,21.8,21.95,22.5,10.0,167809.0,387910200.0
2019-03-26,22.03,21.516,21.9,21.95,5.0,59482.0,387910200.0
2019-03-27,22.0,21.5,21.75,21.9,5.0,98917.0,387910200.0
2019-03-28,22.0,21.5,21.75,21.75,6.0,33851.0,387910200.0
2019-03-29,22.0,21.80002,21.75,21.75,6.0,91823.0,387910200.0
2019-04-01,22.14,21.58,21.75,21.75,9.0,87517.0,387910200.0
2019-04-02,21.85,21.0,21.2,21.75,9.0,120359.0,387910200.0
2019-04-03,21.3,20.4002,21.1,20.95,8.0,77623.0,387910200.0
2019-04-04,20.95,20.5,20.5,21.1,5.0,80485.0,387910200.0
2019-04-05,22.0,20.8,21.5,20.5,20.0,301931.0,387910200.0
2019-04-08,21.99,21.11,21.5,21.5,5.0,4351.0,387910200.0
2019-04-09,22.5,21.91,22.5,21.5,10.0,158614.0,387910200.0
2019-04-10,22.792,21.9,22.4,22.5,8.0,109066.0,387910200.0
2019-04-11,23.2,22.5,22.85,22.4,14.0,427893.0,387910200.0
2019-04-12,22.925,22.17,22.5,22.85,7.0,89976.0,387910200.0
2019-04-15,22.2002,21.8,21.9,22.5,10.0,175259.0,387910200.0
2019-04-16,21.65,21.0,21.0,21.9,13.0,61477.0,387910200.0
2019-04-17,21.4,20.55,21.25,21.0,22.0,503877.0,387910200.0
2019-04-18,21.275,20.72,21.0,21.25,7.0,256323.0,387910200.0
2019-04-23,21.2,19.5,19.75,21.0,26.0,493799.0,387910200.0
2019-04-24,20.5,19.5,20.25,19.75,17.0,346440.0,387910200.0
2019-04-25,20.2498,20.0002,20.25,20.25,10.0,454386.0,387910200.0
2019-04-26,20.192,20.0,20.25,20.25,5.0,160000.0,387910200.0
2019-04-29,20.175,19.0375,19.375,20.25,22.0,756808.0,387910200.0
2019-04-30,19.48,18.5,19.25,19.375,14.0,599622.0,387910200.0
2019-05-01,19.35,19.0,19.0,19.25,10.0,261496.0,387910200.0
2019-05-02,19.15,19.0,19.25,19.25,17.0,4429140.0,387910200.0
2019-05-03,19.0,18.55,19.0,19.25,13.0,208260.0,387910200.0
2019-05-06,,,,,,,
2019-05-07,18.89998,18.55,18.75,19.0,7.0,598966.0,387910200.0
2019-05-08,18.7248,18.51,18.75,18.75,6.0,61690.0,387910200.0
2019-05-09,18.6998,18.0,18.0,18.75,10.0,146269.0,387910200.0
2019-05-10,18.45,18.37,18.375,18.375,5.0,13127.0,387910200.0
2019-05-13,18.45,18.05,18.375,18.375,5.0,162406.0,387910200.0
2019-05-14,18.555,18.165,18.375,18.375,2.0,5292.0,387910200.0
2019-05-15,18.37,18.0,18.25,18.375,12.0,383493.0,387910200.0
2019-05-16,18.3,17.875,18.125,18.25,7.0,99687.0,387910200.0
2019-05-17,18.7,17.91,18.375,18.125,11.0,152476.0,387910200.0
2019-05-20,18.7,18.17,18.375,18.375,4.0,38050.0,387910200.0
2019-05-21,19.74,18.7,19.25,18.375,30.0,609795.0,387910200.0
2019-05-22,19.29,19.0,19.25,19.25,7.0,91618.0,387910200.0
2019-05-23,19.25,19.0,19.25,19.25,3.0,28112.0,387910200.0
2019-05-24,19.2,18.75,19.0,19.25,6.0,167271.0,387910200.0
2019-05-27,,,,,,,
2019-05-28,18.8775,18.8775,19.0,19.0,1.0,16874.0,387910200.0
2019-05-29,19.25,19.025,18.875,19.0,5.0,131829.0,387910200.0
2019-05-30,19.0,18.515,18.875,18.875,7.0,118003.0,387910200.0
2019-05-31,19.0,18.55,18.875,18.875,5.0,4510.0,387910200.0
2019-06-03,19.1375,18.6,18.875,18.875,6.0,62237.0,387910200.0
2019-06-04,19.13,18.605,18.875,18.875,7.0,108684.0,387910200.0
2019-06-05,18.95,18.5,18.875,18.875,5.0,151533.0,387910200.0
2019-06-06,18.7933,18.75,18.75,18.875,2.0,16990.0,387910200.0
2019-06-07,18.725,18.3,18.5,18.75,9.0,435094.0,387910200.0
2019-06-10,18.645,18.31,18.5,18.5,6.0,133554.0,387910200.0
2019-06-11,18.55,18.09,18.375,18.5,4.0,19165.0,387910200.0
2019-06-12,18.4,18.06,18.25,18.375,2.0,15762.0,387910200.0
2019-06-13,18.35,18.06,18.25,18.25,8.0,66029.0,387910200.0
2019-06-14,18.25,18.0,18.25,18.25,8.0,130962.0,387910200.0
2019-06-17,18.0998,17.17,17.5,17.875,4.0,57266.0,387910200.0
2019-06-18,17.6,17.17,17.25,17.5,8.0,112401.0,387910200.0
2019-06-19,17.35,17.0,17.25,17.25,15.0,594408.0,387910200.0
2019-06-20,17.25,16.265,16.75,17.25,16.0,581843.0,387910200.0
2019-06-21,17.0693,16.39,16.75,16.75,3.0,62948.0,387910200.0
2019-06-24,17.0,16.25,16.75,16.75,6.0,376064.0,387910200.0
2019-06-25,16.6698,16.51,16.75,16.75,9.0,84810.0,387910200.0
2019-06-26,16.675,16.5998,16.75,16.75,9.0,106786.0,387910200.0
2019-06-27,16.5998,16.5898,16.75,16.75,4.0,63588.0,387910200.0
2019-06-28,16.656,16.55,16.75,16.5,6.0,86599.0,387910200.0
2019-07-01,16.5898,16.505,16.75,16.75,4.0,25045.0,387910200.0
2019-07-02,16.675,16.0,16.25,16.75,7.0,259712.0,387910200.0
2019-07-03,16.4707,16.25,16.3,16.25,30.0,971096.0,387910200.0
2019-07-04,17.0775,16.25,16.875,16.375,14.0,380086.0,387910200.0
2019-07-05,18.235,16.6,18.0,16.875,22.0,329651.0,387910200.0
2019-07-08,18.9775,18.5,18.75,18.0,8.0,136780.0,387910200.0
2019-07-09,18.7,17.7025,18.0,18.75,13.0,124800.0,387910200.0
2019-07-10,18.025,17.575,17.875,18.0,9.0,98964.0,387910200.0
2019-07-11,18.0625,17.5752,17.875,17.875,5.0,65719.0,387910200.0
2019-07-12,17.875,17.5,17.875,17.875,4.0,53503.0,387910200.0
2019-07-15,18.175,17.575,18.125,17.875,5.0,57013.0,387910200.0
2019-07-16,19.39,18.4625,19.0,18.125,12.0,179548.0,387910200.0
2019-07-17,20.9998,19.25,19.95,19.0,36.0,606614.0,387910200.0
2019-07-18,21.0,20.25,20.5,20.5,15.0,340104.0,387910200.0
2019-07-19,20.84,19.05,19.5,20.5,13.0,200662.0,387910200.0
2019-07-22,20.745,19.02,20.25,19.5,10.0,64445.0,387910200.0
2019-07-23,21.45,20.266,21.0,20.25,19.0,577050.0,387910200.0
2019-07-24,21.255,20.55,21.0,21.0,9.0,105288.0,387910200.0
2019-07-25,21.11,20.5,20.5,21.0,13.0,213800.0,387910200.0
2019-07-26,21.0,20.625,20.9,20.75,6.0,171220.0,387910200.0
2019-07-29,21.284,20.7,20.9,20.9,9.0,221532.0,387910200.0
2019-07-30,20.97,20.1002,20.5,20.9,14.0,253329.0,387910200.0
2019-07-31,22.792,20.9998,22.35,20.5,42.0,998242.0,387910200.0
2019-08-01,22.5,19.0,19.0,22.0,71.0,2257108.0,387910200.0
2019-08-02,19.5,16.5,16.75,19.0,47.0,1007196.0,387910200.0
2019-08-05,16.55,16.0752,16.25,16.75,9.0,119117.0,387910200.0
2019-08-06,16.699,16.08,16.375,16.25,5.0,14443.0,387910200.0
2019-08-07,16.75,15.62,16.0,16.375,7.0,79788.0,387910200.0
2019-08-08,15.62,15.5,16.0,16.0,4.0,77595.0,387910200.0
2019-08-09,15.85,15.505,15.75,16.0,8.0,50826.0,387910200.0
2019-08-12,15.7498,15.5,15.75,15.75,3.0,37916.0,387910200.0
2019-08-13,15.5,14.25,14.875,15.75,12.0,313355.0,387910200.0
2019-08-14,15.495,14.765,15.375,14.875,13.0,183127.0,387910200.0
2019-08-15,15.25,14.5,14.75,15.0,10.0,111780.0,387910200.0
2019-08-16,14.89,14.5,14.75,14.75,2.0,65369.0,387910200.0
2019-08-19,14.8748,14.51,14.75,14.75,2.0,2454.0,387910200.0
2019-08-20,14.865,14.52,14.75,14.75,2.0,7163.0,387910200.0
2019-08-21,14.85,14.0,14.75,14.75,8.0,165591.0,387910200.0
2019-08-22,14.51,14.51,14.75,14.75,1.0,3000.0,387910200.0
2019-08-23,14.75,14.265,14.625,14.75,8.0,181337.0,387910200.0
2019-08-26,,,,,,,
2019-08-27,14.5,14.0,14.5,14.625,13.0,631258.0,387910200.0
2019-08-28,14.775,14.0,14.55,14.5,7.0,138150.0,387910200.0
2019-08-29,15.0,14.1,14.55,14.55,5.0,173314.0,387910200.0
2019-08-30,14.22,14.19,14.55,14.55,3.0,18088.0,387910200.0
2019-09-02,14.8875,14.415,14.625,14.55,7.0,202330.0,387910200.0
2019-09-03,15.75,14.415,15.25,14.625,13.0,186098.0,387910200.0
2019-09-04,15.75,15.75,15.375,15.25,1.0,6706.0,387910200.0
2019-09-05,14.95,14.75,15.375,15.375,3.0,34817.0,387910200.0
2019-09-06,15.0,15.0,15.5,15.375,3.0,57162.0,387910200.0
2019-09-09,15.5,15.0,15.5,15.25,7.0,116725.0,387910200.0
2019-09-10,15.0,15.0,15.5,15.5,6.0,99073.0,387910200.0
2019-09-11,15.4998,14.71494,15.5,15.5,5.0,670079.0,387910200.0
2019-09-12,15.1998,15.0,15.5,15.5,3.0,37713.0,387910200.0
2019-09-13,15.0,15.0,15.5,15.5,2.0,3409.0,387910200.0
2019-09-16,15.1998,15.0,15.5,15.5,4.0,21296.0,387910200.0
2019-09-17,15.0,15.0,15.5,15.5,3.0,101707.0,387910200.0
2019-09-18,15.0398,15.0,15.4,15.5,3.0,354347.0,387910200.0
2019-09-19,14.9,14.824,14.9,15.4,4.0,150765.0,387910200.0
2019-09-20,15.0,14.824,15.4,15.4,5.0,397822.0,387910200.0
2019-09-23,15.0398,14.81,15.4,15.4,4.0,27673.0,387910200.0
2019-09-24,15.0398,14.824,15.4,15.4,3.0,105065.0,387910200.0
2019-09-25,15.0002,14.8,15.0,15.4,6.0,340365.0,387910200.0
2019-09-26,15.0,15.0,15.45,15.5,1.0,15582.0,387910200.0
2019-09-27,14.922,14.922,15.45,15.45,1.0,10.0,387910200.0
2019-09-30,15.6498,14.922,15.45,15.45,6.0,124203.0,387910200.0
2019-10-01,,,15.45,,,,387910200.0
2019-10-02,14.951,14.951,15.2,15.45,1.0,18768.0,387910200.0
2019-10-03,15.4,15.00002,15.0,15.2,4.0,15085.0,387910200.0
2019-10-04,14.81,14.61,15.0,15.0,7.0,28630.0,387910200.0
2019-10-07,15.4,14.6,15.0,15.0,4.0,132006.0,387910200.0
2019-10-08,14.75,14.45,14.45,15.0,6.0,201106.0,387910200.0
2019-10-09,15.0,14.5,15.375,15.0,10.0,326544.0,387910200.0
2019-10-10,15.14,14.75,15.375,15.375,8.0,587745.0,387910200.0
2019-10-11,15.25,14.74,15.25,15.25,2.0,8099.0,387910200.0
2019-10-14,14.74,14.66,15.0,15.25,4.0,11196.0,387910200.0
2019-10-15,15.25,14.66,15.0,15.0,5.0,46843.0,387910200.0
2019-10-16,15.15,13.75,14.5,15.0,13.0,682114.0,387910200.0
2019-10-17,15.7,14.765,15.5,15.125,10.0,270968.0,387910200.0
2019-10-18,15.7,15.02,15.5,15.5,6.0,60226.0,387910200.0
2019-10-21,16.0,15.0,15.25,15.5,11.0,405712.0,387910200.0
2019-10-22,16.0031,15.2,15.5,15.5,13.0,200400.0,387910200.0
2019-10-23,15.675,15.0,15.5,15.5,5.0,52926.0,387910200.0
2019-10-24,15.5,15.0,15.25,15.5,5.0,146318.0,387910200.0
2019-10-25,15.3,15.0,15.25,15.25,4.0,39500.0,387910200.0
2019-10-28,15.0,15.0,15.25,15.25,3.0,13859.0,387910200.0
2019-10-29,15.25,15.0,15.25,15.25,2.0,4652.0,387910200.0
2019-10-30,15.25,15.0,15.25,15.25,8.0,73918.0,387910200.0
2019-10-31,15.2,15.2,15.25,15.25,1.0,24000.0,387910200.0
2019-11-01,15.18,14.7875,15.125,15.25,5.0,505725.0,387910200.0
2019-11-04,15.15,14.75,15.125,15.125,7.0,102441.0,387910200.0
2019-11-05,14.855,14.75,15.125,15.125,2.0,8144.0,387910200.0
2019-11-06,15.3275,14.75,15.125,15.125,5.0,109682.0,387910200.0
2019-11-07,14.855,14.855,15.125,15.125,1.0,5443.0,387910200.0
2019-11-08,15.2,15.0,15.125,15.125,2.0,104000.0,387910200.0
2019-11-11,15.88,14.87,15.5,15.125,7.0,101155.0,387910200.0
2019-11-12,15.88,15.125,15.5,15.5,6.0,48274.0,387910200.0
2019-11-13,16.0415,15.99,16.0,15.5,6.0,60000.0,387910200.0
2019-11-14,15.65,15.5555,16.0,16.0,4.0,51229.0,387910200.0
2019-11-15,15.8,15.0,15.25,16.0,7.0,128662.0,387910200.0
2019-11-18,15.25,13.75,15.125,15.25,12.0,917569.0,387910200.0
2019-11-19,14.9,14.795,15.125,15.125,6.0,33514.0,387910200.0
2019-11-20,15.2,14.5,15.125,15.125,5.0,34186.0,387910200.0
2019-11-21,14.8325,14.8325,15.125,15.125,3.0,102020.0,387910200.0
2019-11-22,15.1,14.75,15.125,15.125,4.0,83399.0,387910200.0
2019-11-25,15.3125,15.0,15.375,15.125,6.0,6406292.0,387910200.0
2019-11-26,15.7,15.0,15.5,15.375,5.0,57705.0,387910200.0
2019-11-27,16.1,15.0,15.75,15.5,9.0,140374.0,387910200.0
2019-11-28,19.75,16.45,19.25,16.25,50.0,920870.0,387910200.0
2019-11-29,20.0,18.6375,19.35,19.25,31.0,458959.0,387910200.0
2019-12-02,20.0,19.15,19.25,19.35,11.0,531301.0,387910200.0
2019-12-03,18.815,18.0,18.5,19.25,5.0,119127.0,387910200.0
2019-12-04,18.4,18.0,18.25,18.5,8.0,83320.0,387910200.0
2019-12-05,18.39,18.0,18.25,18.25,6.0,107447.0,387910200.0
2019-12-06,18.7,18.2,18.5,18.25,4.0,75538.0,387910200.0
2019-12-09,18.5262,18.0,18.25,18.5,9.0,317634.0,387910200.0
2019-12-10,18.495,18.1,18.25,18.25,3.0,18477.0,387910200.0
2019-12-11,18.05,18.05,18.25,18.25,1.0,33027.0,387910200.0
2019-12-12,18.115,18.0,18.25,18.25,4.0,108697.0,387910200.0
2019-12-13,18.44,18.085,18.25,18.25,7.0,69413.0,387910200.0
2019-12-16,18.35,17.5,18.5,18.25,10.0,252740.0,387910200.0
2019-12-17,18.5,18.0,18.25,18.5,8.0,171167.0,387910200.0
2019-12-18,18.4,17.02,17.5,18.25,13.0,112513.0,387910200.0
2019-12-19,17.85,17.1,17.75,17.5,3.0,27441.0,387910200.0
2019-12-20,17.09,17.0,17.5,17.75,5.0,77897.0,387910200.0
2019-12-23,17.215,16.0002,16.5,17.5,12.0,298889.0,387910200.0
2019-12-24,16.88,16.255,16.75,16.5,2.0,16886.0,387910200.0
2019-12-27,16.85,15.5,16.375,16.75,8.0,123782.0,387910200.0
2019-12-30,16.4,16.015,16.375,16.375,2.0,16088.0,387910200.0
2019-12-31,16.4,16.075,16.5,16.375,2.0,73483.0,387910200.0
2020-01-02,17.4,16.5,17.0,16.5,9.0,79262.0,387910200.0
2020-01-03,17.4,16.5,16.875,17.0,5.0,33804.0,387910200.0
2020-01-06,17.48,16.25,17.0,16.875,12.0,310323.0,387910200.0
2020-01-07,17.4,16.01,16.375,17.0,18.0,337647.0,387910200.0
2020-01-08,17.3,16.0,16.6,16.375,15.0,539715.0,387910200.0
2020-01-09,17.225,16.5,16.875,16.875,6.0,23489.0,400733511.0
2020-01-10,17.0,16.25,16.5,16.875,15.0,89100.0,400733511.0
2020-01-13,17.005,16.28,16.625,16.875,18.0,187810.0,400733511.0
2020-01-14,16.8,16.0,16.0,16.625,23.0,378616.0,400733511.0
2020-01-15,16.55,15.5,16.125,16.5,29.0,308009.0,400733511.0
2020-01-16,16.03,15.5,16.5,16.125,23.0,711098.0,400733511.0
2020-01-17,15.963,15.85,16.375,16.5,6.0,75272.0,400733511.0
2020-01-20,16.6125,15.0606,16.375,16.375,11.0,149159.0,400733511.0
2020-01-21,16.24998,15.75,16.075,16.375,11.0,112643.0,400733511.0
2020-01-22,16.0098,15.75,16.075,16.075,7.0,54446.0,400733511.0
2020-01-23,15.775,15.775,16.0,16.075,1.0,573.0,400733511.0
2020-01-24,16.0228,15.78,16.0,16.0,5.0,32837.0,400733511.0
2020-01-27,16.19,15.76,16.0,16.0,7.0,66673.0,400733511.0
2020-01-28,16.15,15.76,16.075,16.0,7.0,84001.0,400733511.0
2020-01-29,16.985,16.0,16.75,16.075,15.0,1782976.0,400733511.0
2020-01-30,17.35,16.825,17.25,16.75,23.0,995224.0,400733511.0
2020-01-31,17.225,17.2,17.25,17.25,3.0,88093.0,400733511.0
2020-02-03,17.175,17.0,17.25,17.25,7.0,46701.0,400733511.0
2020-02-04,,,17.25,,,,400733511.0
2020-02-05,17.15,16.5,17.0,17.25,8.0,85268.0,400733511.0
2020-02-06,17.0,16.5,16.875,17.0,4.0,10740.0,400733511.0
2020-02-07,16.8,16.5,16.75,16.875,6.0,111288.0,400733511.0
2020-02-10,17.0,16.1,16.75,16.75,8.0,74617.0,400733511.0
2020-02-11,17.05,16.27,16.75,16.75,17.0,235230.0,400733511.0
2020-02-12,18.2,17.03,17.6,16.75,46.0,1025535.0,400733511.0
2020-02-13,18.19,17.1,17.875,17.5,26.0,589079.0,400733511.0
2020-02-14,18.5,17.755,18.5,17.875,22.0,563530.0,400733511.0
2020-02-17,18.9,17.86,18.375,18.0,19.0,339427.0,400733511.0
2020-02-18,18.75,17.775,18.0,18.375,7.0,275120.0,400733511.0
2020-02-19,18.4,17.52,18.0,18.0,8.0,100679.0,400733511.0
2020-02-20,18.3745,17.655,18.0,18.0,2.0,7595.0,400733511.0
2020-02-21,18.5833,17.65,18.375,18.0,10.0,261690.0,400733511.0
2020-02-24,17.85,15.65,17.0,18.375,41.0,599761.0,400733511.0
2020-02-25,17.495,16.55,16.75,17.0,7.0,70901.0,400733511.0
2020-02-26,16.8,15.0002,16.25,16.75,21.0,413384.0,400733511.0
2020-02-27,17.0,15.5,15.75,16.25,11.0,263059.0,400733511.0
2020-02-28,16.0,15.0,15.25,15.5,16.0,2139791.0,400733511.0
2020-03-02,15.695,14.655,15.0,15.25,24.0,747774.0,400733511.0
2020-03-03,15.6,15.0,15.375,15.25,10.0,193479.0,400733511.0
2020-03-04,15.145,14.37,14.75,15.375,6.0,72372.0,400733511.0
2020-03-05,14.41,14.41,14.75,14.75,2.0,21522.0,400733511.0
2020-03-06,14.74,13.25,13.625,14.75,33.0,736035.0,400733511.0
2020-03-09,14.0,13.4002,13.625,13.625,24.0,470556.0,400733511.0
2020-03-10,14.0,13.5,14.0,13.625,16.0,267936.0,400733511.0
2020-03-11,14.88,14.15,14.5,14.0,7.0,87498.0,400733511.0
2020-03-12,14.1998,13.02,13.125,14.5,17.0,331526.0,400733511.0
2020-03-13,14.225,12.7125,14.0,13.125,9.0,169835.0,400733511.0
2020-03-16,13.6,11.0002,12.2,14.0,31.0,765944.0,400733511.0
2020-03-17,12.26,11.7,12.2,12.2,9.0,100142.0,400733511.0
2020-03-18,11.95,9.0002,10.875,12.2,14.0,152616.0,400733511.0
2020-03-19,11.98,10.125,11.875,10.875,12.0,402904.0,400733511.0
2020-03-20,12.5,11.0202,11.375,11.875,17.0,305184.0,400733511.0
2020-03-23,11.24,10.52,11.0,11.375,6.0,176745.0,400733511.0
2020-03-24,11.48,10.725,11.125,11.0,4.0,142082.0,400733511.0
2020-03-25,11.7,10.725,11.125,11.125,3.0,26837.0,400733511.0
2020-03-26,11.3,10.5,11.0,11.125,4.0,64361.0,400733511.0
2020-03-27,11.26,11.26,11.0,11.0,1.0,822.0,400733511.0
2020-03-30,11.48,10.5,11.0,11.0,2.0,10634.0,400733511.0
2020-03-31,11.705,10.9998,11.375,11.0,11.0,91864.0,400733511.0
2020-04-01,11.6,11.07,11.5,11.75,7.0,80879.0,400733511.0
2020-04-02,11.58,11.58,11.5,11.5,1.0,1727.0,400733511.0
2020-04-03,11.57,11.02,11.5,11.5,5.0,358758.0,400733511.0
2020-04-06,11.65,11.45,11.6,11.5,7.0,121044.0,400733511.0
2020-04-07,11.95,11.759,11.75,11.6,6.0,63459.0,400733511.0
2020-04-08,12.0,11.66,12.0,11.75,4.0,82273.0,400733511.0
2020-04-09,12.3,11.5,12.0,12.0,7.0,127238.0,400733511.0
2020-04-14,12.1,12.04,12.0,12.0,8.0,46240.0,400733511.0
2020-04-15,12.1,11.52,12.0,12.0,6.0,112003.0,400733511.0
2020-04-16,12.0,11.0,11.6,12.0,10.0,155309.0,400733511.0
2020-04-17,11.7,11.355,11.6,11.6,7.0,102243.0,400733511.0
2020-04-20,11.68,11.216,11.6,11.6,5.0,58558.0,400733511.0
2020-04-21,11.68,11.0,11.25,11.6,10.0,137058.0,400733511.0
2020-04-22,11.12,10.72,11.0,11.25,10.0,158090.0,400733511.0
2020-04-23,11.15,10.7,10.7,11.0,7.0,65700.0,400733511.0
2020-04-24,10.988,10.801,11.0,11.0,5.0,13506.0,400733511.0
2020-04-27,11.7,10.98,11.5,11.0,6.0,237553.0,400733511.0
2020-04-28,12.2,11.4,12.0,11.5,14.0,281291.0,400733511.0
2020-04-29,11.75,11.5,11.75,12.0,7.0,200295.0,400733511.0
2020-04-30,11.75,11.165,11.75,11.75,8.0,74338.0,400733511.0
2020-05-01,12.5,11.0,11.0,11.75,16.0,289736.0,400733511.0
2020-05-04,11.15,10.655,11.0,11.0,7.0,129530.0,400733511.0
2020-05-05,11.0944,10.5,11.0,11.0,12.0,908527.0,400733511.0
2020-05-06,11.09,10.73,11.0,11.0,5.0,63417.0,400733511.0
2020-05-07,11.475,11.0,11.25,11.0,12.0,584763.0,400733511.0
2020-05-08,,,,,,,
2020-05-11,11.92,11.216,11.6,11.25,10.0,420509.0,400733511.0
2020-05-12,11.96,11.344,11.6,11.6,7.0,82270.0,400733511.0
2020-05-13,11.74,11.0,11.1,11.6,8.0,143053.0,400733511.0
2020-05-14,10.7255,10.7,11.1,11.1,4.0,50276.0,400733511.0
2020-05-15,11.36,10.7255,11.1,11.1,4.0,42189.0,400733511.0
2020-05-18,11.436,10.8155,11.1,11.1,6.0,33292.0,400733511.0
2020-05-19,11.436,10.885,11.1,11.1,4.0,41406.0,400733511.0
2020-05-20,11.436,10.89,11.1,11.1,6.0,51936.0,400733511.0
2020-05-21,11.45,10.9605,11.1,11.1,2.0,13210.0,400733511.0
2020-05-22,12.88,11.8688,12.25,11.25,37.0,1453140.0,400733511.0
2020-05-25,,,,,,,
2020-05-26,13.48,12.255,13.0,12.25,26.0,741719.0,400733511.0
2020-05-27,13.23,12.815,13.0,12.75,12.0,158485.0,400733511.0
2020-05-28,13.17,12.875,13.0,13.0,2.0,60000.0,400733511.0
2020-05-29,13.1,12.51,12.75,13.0,5.0,164283.0,400733511.0
2020-06-01,13.1,12.65,13.0,12.75,6.0,270352.0,400733511.0
2020-06-02,13.0045,12.45,13.0,13.0,18.0,577862.0,400733511.0
2020-06-03,13.0,12.255,12.5,13.0,16.0,331147.0,400733511.0
2020-06-04,13.0,12.505,13.0,12.5,13.0,159368.0,400733511.0
2020-06-05,13.095,12.5,13.0,13.0,16.0,265544.0,400733511.0
2020-06-08,13.33,12.655,13.0,13.0,21.0,626745.0,400733511.0
2020-06-09,13.17,12.0,12.5,13.0,24.0,951073.0,400733511.0
2020-06-10,13.0,12.0,12.5,12.5,21.0,4219419.0,400733511.0
2020-06-11,13.0,12.0,12.5,12.5,12.0,3203140.0,400733511.0
2020-06-12,12.8,12.0,12.5,12.5,14.0,534630.0,400733511.0
2020-06-15,,,12.5,,,,400733511.0
2020-06-16,12.65,12.15,12.5,12.5,8.0,65626.0,400733511.0
2020-06-17,12.6,12.1,12.3,12.5,6.0,200032.0,400733511.0
2020-06-18,12.6,12.0,12.5,12.5,15.0,538194.0,400733511.0
2020-06-19,12.9,12.0,12.5,12.5,9.0,214497.0,400733511.0
2020-06-22,12.6,12.255,12.5,12.5,6.0,162266.0,400733511.0
2020-06-23,12.57,12.05,12.5,12.5,8.0,290519.0,400733511.0
2020-06-24,12.53,12.0,12.75,12.5,8.0,923515.0,400733511.0
2020-06-25,12.06,11.89,12.0,12.75,9.0,232760.0,400733511.0
2020-06-26,12.3844,11.656,12.0,12.0,5.0,125300.0,400733511.0
2020-06-29,12.09998,11.3763,12.0,12.0,5.0,123397.0,400733511.0
2020-06-30,11.5,11.13,11.25,12.0,7.0,172570.0,400733511.0
2020-07-01,11.8998,10.4349,11.6,11.25,7.0,433926.0,400733511.0
2020-07-02,11.2002,10.565,11.5,11.5,4.0,55210.0,400733511.0
2020-07-03,11.244,10.56,11.0,11.5,5.0,48147.0,400733511.0
2020-07-06,11.22,10.5,10.75,11.0,8.0,245490.0,400733511.0
2020-07-07,10.844,10.844,10.75,10.75,1.0,4555.0,400733511.0
2020-07-08,10.75,10.11,10.25,10.75,11.0,162719.0,400733511.0
2020-07-09,10.495,10.155,10.25,10.25,11.0,213493.0,400733511.0
2020-07-10,10.4,10.17,10.25,10.25,6.0,68200.0,400733511.0
2020-07-13,10.3498,10.0,10.25,10.25,7.0,2288009.0,400733511.0
2020-07-14,10.3798,10.08,10.3,10.25,4.0,497891.0,400733511.0
2020-07-15,11.4598,10.164,10.9,10.3,17.0,487612.0,400733511.0
2020-07-16,11.14,10.725,10.9,10.9,3.0,16875.0,400733511.0
2020-07-17,11.1,10.2,10.6,10.9,12.0,251263.0,400733511.0
2020-07-20,10.774,10.3322,10.5,10.6,5.0,33629.0,400733511.0
2020-07-21,10.3322,10.3322,10.5,10.5,2.0,14370.0,400733511.0
2020-07-22,10.68,10.22,10.5,10.5,8.0,95168.0,400733511.0
2020-07-23,10.644,10.255,10.5,10.5,5.0,85892.0,400733511.0
2020-07-24,10.57,10.1,10.25,10.6,9.0,257710.0,400733511.0
2020-07-27,10.395,10.01,10.25,10.25,8.0,38008.0,400733511.0
2020-07-28,10.3,10.01,10.25,10.25,6.0,37178.0,400733511.0
2020-07-29,10.22,10.01,10.25,10.25,2.0,10978.0,400733511.0
2020-07-30,10.3,10.0,10.25,10.25,8.0,284759.0,400733511.0
2020-07-31,10.015,10.01,10.25,10.25,2.0,26114.0,400733511.0
2020-08-03,10.25,10.25,10.25,10.25,1.0,20000.0,400733511.0
2020-08-04,10.23,10.0,10.25,10.25,4.0,21839.0,400733511.0
2020-08-05,10.2,10.016,10.25,10.25,3.0,5755.0,400733511.0
2020-08-06,10.1844,10.016,10.25,10.25,5.0,25775.0,400733511.0
2020-08-07,10.1844,10.016,10.25,10.25,3.0,11682.0,400733511.0
2020-08-10,10.098,10.0,10.05,10.25,5.0,91998.0,400733511.0
2020-08-11,10.344,9.51,10.0,10.0,23.0,766869.0,400733511.0
2020-08-12,10.344,9.8,10.0,10.0,4.0,45321.0,400733511.0
2020-08-13,10.314,9.858,10.0,10.0,3.0,25155.0,400733511.0
2020-08-14,9.95,9.875,10.0,10.0,4.0,26269.0,400733511.0
2020-08-17,10.24,10.24,10.0,10.0,1.0,25000.0,400733511.0
2020-08-18,12.0,10.39,11.0,10.0,12.0,471657.0,400733511.0
2020-08-19,11.249,10.375,10.75,11.0,8.0,141204.0,400733511.0
2020-08-20,11.9,10.375,11.5,10.75,19.0,458893.0,400733511.0
2020-08-21,11.3,10.655,11.5,11.5,12.0,160677.0,400733511.0
2020-08-24,11.025,11.0,11.25,11.5,4.0,223360.0,400733511.0
2020-08-25,11.175,11.0,11.25,11.25,6.0,185310.0,400733511.0
2020-08-26,11.175,10.71,11.25,11.25,4.0,44050.0,400733511.0
2020-08-27,11.4,11.165,11.25,11.25,3.0,108485.0,400733511.0
2020-08-28,10.755,10.755,11.25,11.25,3.0,34622.0,400733511.0
2020-08-31,,,,,,,
2020-09-01,11.345,10.71,11.25,11.25,8.0,77689.0,400733511.0
2020-09-02,11.244,10.55,11.25,11.25,6.0,122240.0,400733511.0
2020-09-03,,,11.25,,,,400733511.0
2020-09-04,11.37,10.585,11.25,11.25,2.0,23148.0,400733511.0
2020-09-07,11.355,10.595,11.25,11.25,3.0,35251.0,400733511.0
2020-09-08,10.7055,10.5,10.75,11.25,3.0,322225.0,400733511.0
2020-09-09,10.9,10.58,10.75,10.75,3.0,27766.0,400733511.0
2020-09-10,10.5,10.155,10.5,10.75,5.0,185978.0,400733511.0
2020-09-11,10.78,10.2155,11.25,10.5,4.0,28870.0,400733511.0
2020-09-14,11.344,10.58,11.0,11.25,7.0,221930.0,400733511.0
2020-09-15,11.0,10.625,11.0,11.0,2.0,12207.0,400733511.0
2020-09-16,10.99,10.985,11.0,11.0,3.0,1908.0,400733511.0
2020-09-17,11.15,10.675,11.0,11.0,12.0,514780.0,400733511.0
2020-09-18,10.96,10.53,11.25,11.0,5.0,60984.0,400733511.0
2020-09-21,10.6,10.1,10.25,11.25,6.0,180164.0,400733511.0
2020-09-22,10.9,10.115,10.5,10.25,5.0,106656.0,400733511.0
2020-09-23,10.85,10.2,10.5,10.5,2.0,103727.0,400733511.0
2020-09-24,10.6403,10.0,10.5,10.5,12.0,261268.0,400733511.0
2020-09-25,10.544,10.1,10.5,10.5,5.0,95040.0,400733511.0
2020-09-28,10.5,9.8,10.25,10.5,7.0,252614.0,400733511.0
2020-09-29,10.5,9.26,9.75,10.25,15.0,301755.0,400733511.0
2020-09-30,10.2,9.998,10.0,9.75,9.0,252658.0,400733511.0
2020-10-01,10.1,9.24,9.6,10.0,13.0,149112.0,400733511.0
2020-10-02,9.945,9.255,9.6,9.6,6.0,95623.0,400733511.0
2020-10-05,9.33,9.125,9.6,9.6,7.0,81607.0,400733511.0
2020-10-06,9.9,9.3655,9.95,9.6,7.0,181778.0,400733511.0
2020-10-07,10.244,9.655,10.0,9.95,8.0,432729.0,400733511.0
2020-10-08,10.2,9.655,10.0,10.0,3.0,22332.0,400733511.0
2020-10-09,10.18,9.655,10.0,10.0,8.0,648642.0,400733511.0
2020-10-12,10.12,9.5,10.0,10.0,10.0,492700.0,400733511.0
2020-10-13,10.08,9.7055,10.0,10.0,6.0,40798.0,400733511.0
2020-10-14,10.08,9.5,10.0,10.0,7.0,384298.0,400733511.0
2020-10-15,9.9,9.52,9.75,10.0,6.0,24052.0,400733511.0
2020-10-16,10.5,9.15,9.7,9.75,13.0,186490.0,400733511.0
2020-10-19,10.3,9.175,9.85,9.375,21.0,1309462.0,400733511.0
2020-10-20,10.0,9.4,9.85,9.85,10.0,774501.0,400733511.0
2020-10-21,10.45,9.7,10.1,9.85,21.0,2243648.0,400733511.0
2020-10-22,11.8,10.46,11.0,10.1,37.0,1298346.0,400733511.0
2020-10-23,11.45,10.76,11.0,11.0,10.0,265657.0,400733511.0
2020-10-26,11.3,10.9,11.0,11.0,10.0,925902.0,400733511.0
2020-10-27,11.0,10.8,11.0,11.0,5.0,106659.0,400733511.0
2020-10-28,11.0,10.575,10.5,11.0,10.0,113208.0,400733511.0
2020-10-29,10.8,10.15,10.5,10.5,5.0,59881.0,400733511.0
2020-10-30,10.684,10.05,10.5,10.5,11.0,179841.0,400733511.0
2020-11-02,11.0,10.185,10.75,10.5,10.0,236207.0,400733511.0
2020-11-03,11.47,10.7,11.0,10.75,8.0,103629.0,400733511.0
2020-11-04,,,11.0,,,,400733511.0
2020-11-05,11.3,10.85,11.0,11.0,8.0,139813.0,400733511.0
2020-11-06,11.45,10.9,11.0,11.0,7.0,92387.0,400733511.0
2020-11-09,11.74,10.955,11.5,11.0,25.0,839078.0,400733511.0
2020-11-10,12.486,11.25,12.0,11.5,34.0,823922.0,400733511.0
2020-11-11,12.174,11.52,12.0,12.0,19.0,341751.0,400733511.0
2020-11-12,11.945,11.5,11.5,12.0,10.0,230259.0,400733511.0
2020-11-13,11.8,11.055,11.5,11.5,6.0,65878.0,400733511.0
2020-11-16,11.92,11.1,11.5,11.5,8.0,148403.0,400733511.0
2020-11-17,12.0,11.0,11.5,11.5,7.0,295237.0,400733511.0
2020-11-18,11.9,11.4,11.5,11.5,7.0,92635.0,400733511.0
2020-11-19,12.0,11.465,11.9,11.5,14.0,667618.0,400733511.0
2020-11-20,12.5,11.875,12.1,11.9,30.0,1579938.0,400733511.0
2020-11-23,12.3,11.9855,12.1,12.1,13.0,558754.0,400733511.0
2020-11-24,12.5,12.0,12.1,12.1,12.0,737534.0,400733511.0
2020-11-25,13.9,12.5,13.5,12.75,22.0,616175.0,400733511.0
2020-11-26,13.2288,12.716,13.1,13.15,9.0,112448.0,400733511.0
2020-11-27,13.11,12.7,12.85,13.1,12.0,219657.0,400733511.0
2020-11-30,12.78,12.5,12.75,12.75,6.0,27981.0,400733511.0
2020-12-01,13.58,12.7,13.25,12.75,50.0,2359027.0,400733511.0
2020-12-02,13.33,12.5,13.0,13.25,10.0,535651.0,400733511.0
2020-12-03,13.15,12.11,12.5,13.0,15.0,325326.0,400733511.0
2020-12-04,13.0,12.15,13.0,12.5,14.0,2055140.0,400733511.0
2020-12-07,13.3,12.5,13.0,13.0,7.0,97589.0,400733511.0
2020-12-08,13.5,12.814,13.15,13.0,7.0,112546.0,400733511.0
2020-12-09,14.316,12.814,13.9,13.15,32.0,740789.0,400733511.0
2020-12-10,14.5,13.54,13.75,13.9,5.0,46304.0,400733511.0
2020-12-11,13.875,13.0,13.7,13.75,10.0,108961.0,400733511.0
2020-12-14,13.7,12.9,13.25,13.2,6.0,198828.0,400733511.0
2020-12-15,13.4,13.055,13.25,13.25,3.0,52174.0,400733511.0
2020-12-16,13.385,13.0,13.15,13.25,4.0,163796.0,400733511.0
2020-12-17,13.3,12.58,12.9,13.15,10.0,129819.0,400733511.0
2020-12-18,13.0299,12.504,12.75,12.9,7.0,333483.0,400733511.0
2020-12-21,12.93,12.2,12.2,12.75,8.0,126150.0,400733511.0
2020-12-22,13.0,12.216,12.6,12.6,6.0,44896.0,400733511.0
2020-12-23,12.79,12.216,12.75,12.6,9.0,233733.0,400733511.0
2020-12-24,13.0,12.514,12.85,12.85,5.0,158340.0,400733511.0
2020-12-28,,,,,,,
2020-12-29,14.428,12.94,14.15,12.85,36.0,857253.0,400733511.0
2020-12-30,17.382,14.011,16.9,14.15,54.0,835854.0,400733511.0
2020-12-31,16.5,15.75,15.85,16.7,22.0,205575.0,400733511.0
2021-01-04,17.5,15.55,16.25,15.85,58.0,762033.0,400733511.0
2021-01-05,16.93,16.1,16.5,16.25,14.0,202893.0,400733511.0
2021-01-06,16.96,16.0,16.75,16.5,12.0,185305.0,400733511.0
2021-01-07,17.0,16.5,16.75,16.75,17.0,257694.0,400733511.0
2021-01-08,16.85,16.0,16.25,16.75,46.0,277973.0,400733511.0
2021-01-11,16.4,15.5,15.75,16.25,29.0,244338.0,400733511.0
2021-01-12,16.0,15.0,16.0,15.75,24.0,200548.0,400733511.0
2021-01-13,15.8,14.0,15.0,15.4,30.0,286955.0,400733511.0
2021-01-14,15.2998,14.5,15.1,14.6,18.0,230871.0,400733511.0
2021-01-15,15.42,14.7002,15.1,15.1,12.0,74097.0,400733511.0
2021-01-18,15.5,14.3,15.25,15.1,28.0,349000.0,400733511.0
2021-01-19,15.8398,15.01,15.6,15.25,18.0,276799.0,400733511.0
2021-01-20,16.5,15.5,15.75,15.6,21.0,324470.0,400733511.0
2021-01-21,17.0,15.5,16.5,15.85,34.0,430919.0,400733511.0
2021-01-22,16.88,15.3656,15.9,16.5,22.0,440124.0,400733511.0
2021-01-25,16.284,15.1002,15.3,15.9,16.0,352477.0,400733511.0
2021-01-26,15.1,15.0,15.25,15.3,9.0,49401.0,400733511.0
2021-01-27,15.5,14.5,15.5,15.25,19.0,387201.0,400733511.0
2021-01-28,15.5,14.5,15.1,15.1,14.0,106348.0,400733511.0
2021-01-29,17.0,15.0,16.0,15.1,77.0,685307.0,400733511.0
2021-02-01,18.44,15.8,18.0,16.0,88.0,1925008.0,400733511.0
2021-02-02,18.5,17.0,17.4,18.0,44.0,556115.0,400733511.0
2021-02-03,18.0,17.0,17.85,17.5,27.0,563294.0,400733511.0
2021-02-04,17.85,17.4,17.85,17.85,8.0,33688.0,400733511.0
2021-02-05,18.18719,17.3565,17.85,17.85,16.0,263787.0,400733511.0
2021-02-08,18.745,17.5,18.5,17.85,34.0,579336.0,400733511.0
2021-02-09,19.0,17.5,18.0,18.25,36.0,436542.0,400733511.0
2021-02-10,18.84,17.66,18.65,18.0,20.0,330450.0,400733511.0
2021-02-11,19.0,18.0,18.5,18.65,18.0,178832.0,400733511.0
2021-02-12,18.7465,18.3,18.5,18.5,18.0,315902.0,400733511.0
2021-02-15,19.5,18.4255,18.75,18.5,27.0,580385.0,400733511.0
2021-02-16,18.975,18.655,18.75,18.75,19.0,153713.0,400733511.0
2021-02-17,19.5,18.0,19.05,18.75,34.0,765637.0,400733511.0
2021-02-18,19.3,18.5,18.65,19.05,16.0,208842.0,400733511.0
2021-02-19,18.8,17.6,18.4,18.65,29.0,215096.0,400733511.0
2021-02-22,18.552,18.112,18.4,18.4,7.0,74808.0,400733511.0
2021-02-23,18.5,17.55,18.0,18.4,20.0,235729.0,400733511.0
2021-02-24,18.0,17.0,17.5,18.0,35.0,457598.0,400733511.0
2021-02-25,17.97998,17.15,17.5,17.5,9.0,102930.0,400733511.0
2021-02-26,18.0,17.2202,17.65,17.5,10.0,101753.0,400733511.0
2021-03-01,18.0,16.75,17.25,17.65,17.0,373353.0,400733511.0
2021-03-02,17.5,17.02502,17.25,17.25,10.0,252884.0,400733511.0
2021-03-03,18.2444,17.0,18.0,17.25,23.0,365487.0,400733511.0
2021-03-04,18.184,17.05,18.0,18.0,8.0,543280.0,400733511.0
2021-03-05,18.5,17.2525,17.6,17.85,16.0,108855.0,400733511.0
2021-03-08,18.0,17.0,17.75,17.6,19.0,851897.0,400733511.0
2021-03-09,18.48,17.28,18.0,17.75,14.0,362657.0,400733511.0
2021-03-10,18.4998,17.75,18.5,18.0,12.0,141793.0,400733511.0
2021-03-11,20.0,18.5,19.5,18.5,41.0,664428.0,400733511.0
2021-03-12,20.0,18.5,19.05,19.5,25.0,347374.0,400733511.0
2021-03-15,20.0,18.5,19.25,19.05,21.0,236218.0,400733511.0
2021-03-16,19.48,18.65,19.25,19.0,15.0,243611.0,400733511.0
2021-03-17,19.5,18.5,19.0,19.25,17.0,193487.0,400733511.0
2021-03-18,19.0,18.01,18.25,19.0,10.0,87662.0,400733511.0
2021-03-19,18.5,17.55002,18.0,18.25,9.0,79328.0,400733511.0
2021-03-22,18.3,17.05,17.25,18.0,25.0,519273.0,400733511.0
2021-03-23,18.0,17.0,17.2,17.25,14.0,173602.0,400733511.0
2021-03-24,18.0,17.0,17.5,17.6,14.0,128886.0,400733511.0
2021-03-25,18.0,17.0,17.25,17.5,25.0,651504.0,400733511.0
2021-03-26,17.35,17.01,17.25,17.25,13.0,127234.0,400733511.0
2021-03-29,17.3,17.0,17.25,17.25,13.0,165482.0,400733511.0
2021-03-30,17.5,16.5,17.1,17.25,17.0,232075.0,400733511.0
2021-03-31,19.3,16.9,19.25,17.1,20.0,248599.0,400733511.0
2021-04-01,20.61,19.0,20.25,19.25,37.0,611909.0,400733511.0
2021-04-06,21.0,19.0,19.75,20.25,45.0,616688.0,400733511.0
2021-04-07,20.5,19.5,20.0,19.75,14.0,176259.0,400733511.0
2021-04-08,20.28,19.75,20.0,20.0,14.0,165466.0,400733511.0
2021-04-09,20.78,19.9,20.5,20.0,20.0,274350.0,400733511.0
2021-04-12,22.0,20.22,21.25,20.5,32.0,679735.0,400733511.0
2021-04-13,22.0,20.95,21.25,21.25,26.0,376255.0,400733511.0
2021-04-14,21.69,20.56,20.75,21.25,14.0,177555.0,400733511.0
2021-04-15,21.2903,20.58,20.6,20.75,10.0,193931.0,400733511.0
2021-04-16,21.0,20.0,20.5,20.75,24.0,267490.0,400733511.0
2021-04-19,20.98,20.01,20.5,20.5,14.0,322190.0,400733511.0
2021-04-20,21.0,18.5,19.0,20.5,33.0,378422.0,400733511.0
2021-04-21,19.45,18.91,19.25,18.75,16.0,712512.0,400733511.0
2021-04-22,19.5,18.65,18.8,19.25,16.0,291797.0,400733511.0
2021-04-23,18.88,18.0,18.625,18.8,24.0,558388.0,400733511.0
2021-04-26,19.0,17.75,18.375,18.625,20.0,331676.0,400733511.0
2021-04-27,18.5,17.75,18.125,18.375,15.0,143816.0,400733511.0
2021-04-28,18.5,17.5,17.875,18.125,18.0,367138.0,400733511.0
2021-04-29,18.25,17.75,18.5,17.875,12.0,236291.0,400733511.0
2021-04-30,18.9,18.16,18.625,18.5,6.0,116401.0,400733511.0
2021-05-03,,,,,,,
2021-05-04,19.5,18.01,18.75,18.75,11.0,325819.0,400733511.0
2021-05-05,19.5,18.0,18.5,18.75,11.0,159869.0,400733511.0
2021-05-06,18.5,17.5,17.75,18.5,21.0,610818.0,400733511.0
2021-05-07,18.0,17.5,17.75,18.0,13.0,177779.0,400733511.0
2021-05-10,18.0,17.05,18.0,17.75,24.0,306876.0,400733511.0
2021-05-11,18.0,17.0,17.5,17.25,20.0,789087.0,400733511.0
2021-05-12,18.25,17.5,17.875,17.5,18.0,172284.0,400733511.0
2021-05-13,18.25,17.61,17.875,17.875,17.0,183770.0,400733511.0
2021-05-14,18.25,17.5,17.875,17.875,23.0,239031.0,400733511.0
2021-05-17,18.25,17.5,17.75,17.875,24.0,218281.0,400733511.0
2021-05-18,18.25,17.5,17.875,17.75,12.0,181450.0,400733511.0
2021-05-19,18.25,17.665,17.875,17.875,14.0,165800.0,400733511.0
2021-05-20,18.25,17.155,17.5,17.875,41.0,859691.0,400733511.0
2021-05-21,17.7,17.0,17.25,17.5,34.0,464790.0,400733511.0
2021-05-24,17.5,17.0,17.25,17.25,10.0,53431.0,400733511.0
2021-05-25,17.175,17.0,17.25,17.25,14.0,192551.0,400733511.0
2021-05-26,17.25,16.5,16.75,17.25,27.0,220451.0,400733511.0
2021-05-27,16.8375,16.5,16.75,16.75,7.0,93191.0,400733511.0
2021-05-28,17.0,16.25,16.625,16.75,28.0,285456.0,400733511.0
2021-05-31,,,,,,,
2021-06-01,17.0,16.0,16.5,16.625,21.0,475832.0,400733511.0
2021-06-02,16.5,16.0,16.25,16.5,15.0,143557.0,400733511.0
2021-06-03,16.5,16.01,16.25,16.25,10.0,223914.0,400733511.0
2021-06-04,17.0,15.52,15.875,16.25,27.0,238846.0,400733511.0
2021-06-07,16.25,15.0,15.5,15.875,36.0,803621.0,400733511.0
2021-06-08,15.744,15.0,15.25,15.5,23.0,769075.0,400733511.0
2021-06-09,16.29,15.0,16.125,15.25,35.0,935116.0,400733511.0
2021-06-10,16.5,15.55,15.625,16.125,16.0,431056.0,400733511.0
2021-06-11,15.75,15.5,15.375,15.625,13.0,144962.0,400733511.0
2021-06-14,16.0,15.0,15.375,15.375,15.0,359863.0,400733511.0
2021-06-15,16.0,14.9288,15.25,15.375,21.0,1113259.0,400733511.0
2021-06-16,15.5,14.5,14.75,15.25,42.0,711720.0,400733511.0
2021-06-17,15.0,14.01,14.75,14.75,26.0,492963.0,400733511.0
2021-06-18,14.5,14.0,14.25,14.375,21.0,986712.0,400733511.0
2021-06-21,14.324,14.0,14.2,14.25,14.0,239205.0,400733511.0
2021-06-22,14.6748,14.0,14.0,14.25,48.0,3228590.0,400733511.0
2021-06-23,14.125,14.0,14.125,14.125,15.0,281656.0,400733511.0
2021-06-24,14.03748,14.0,14.125,14.125,9.0,62417.0,400733511.0
2021-06-25,14.0,13.0,13.375,13.875,34.0,480805.0,400733511.0
2021-06-28,14.5,12.5,14.45,13.375,61.0,1008710.0,400733511.0
2021-06-29,14.5,13.8627,14.0,14.125,11.0,142144.0,400733511.0
2021-06-30,14.25,13.76,14.0,14.0,11.0,234273.0,400733511.0
2021-07-01,13.925,13.805,14.0,14.0,6.0,30112.0,400733511.0
2021-07-02,14.25,13.805,14.0,14.0,10.0,199188.0,400733511.0
2021-07-05,14.0,13.5,13.75,14.0,27.0,126444.0,400733511.0
2021-07-06,14.0,13.53,13.625,13.75,9.0,91719.0,400733511.0
2021-07-07,13.85,13.25,13.625,13.625,9.0,140968.0,400733511.0
2021-07-08,14.0,13.0,13.125,13.625,17.0,817582.0,400733511.0
2021-07-09,13.5,13.05,13.25,13.125,20.0,232259.0,400733511.0
2021-07-12,13.5,13.11,13.25,13.25,5.0,31795.0,400733511.0
2021-07-13,13.5,12.5,13.125,13.25,17.0,348990.0,400733511.0
2021-07-14,13.174,12.75,12.875,13.125,13.0,48296.0,400733511.0
2021-07-15,13.0,12.5,12.75,12.875,13.0,150098.0,400733511.0
2021-07-16,12.745,12.5,12.75,12.75,7.0,95457.0,400733511.0
2021-07-19,13.0,12.25,12.525,12.75,16.0,114581.0,400733511.0
2021-07-20,12.8,12.085,12.25,12.4,15.0,164061.0,400733511.0
2021-07-21,12.39,12.05,12.25,12.4,7.0,318619.0,400733511.0
2021-07-22,12.24,12.0,12.25,12.25,10.0,227877.0,400733511.0
2021-07-23,12.17,12.06,12.25,12.25,5.0,79936.0,400733511.0
2021-07-26,12.5,12.0,12.25,12.25,13.0,266049.0,400733511.0
2021-07-27,12.194,12.055,12.25,12.25,7.0,127062.0,400733511.0
2021-07-28,12.184,12.077,12.25,12.25,7.0,140973.0,400733511.0
2021-07-29,12.174,12.01,12.25,12.25,7.0,128828.0,400733511.0
2021-07-30,12.25,12.011,12.25,12.25,11.0,428156.0,400733511.0
2021-08-02,14.4,12.0,13.75,12.25,57.0,989560.0,400733511.0
2021-08-03,13.75,13.6,13.75,13.75,8.0,155187.0,400733511.0
2021-08-04,14.0,13.12,13.625,13.75,13.0,196704.0,400733511.0
2021-08-05,13.5625,13.5,13.625,13.375,4.0,6144.0,400733511.0
2021-08-06,13.75,13.0,13.125,13.375,16.0,121201.0,400733511.0
2021-08-09,14.0,13.006,13.5,13.125,18.0,389466.0,400733511.0
2021-08-10,14.0,13.19,13.625,13.5,8.0,55005.0,400733511.0
2021-08-11,13.42,13.0,13.5,13.625,5.0,86492.0,400733511.0
2021-08-12,13.5475,13.056,13.375,13.5,4.0,105008.0,400733511.0
2021-08-13,13.44,13.05,13.375,13.375,3.0,90000.0,400733511.0
2021-08-16,13.015,13.0,13.375,13.375,2.0,51050.0,400733511.0
2021-08-17,13.42,13.4,13.375,13.375,2.0,44619.0,400733511.0
2021-08-18,13.4,12.75,13.25,13.375,15.0,366204.0,400733511.0
2021-08-19,13.5,12.5,12.65,13.0,13.0,309425.0,400733511.0
2021-08-20,13.5,12.75,13.125,13.0,12.0,614647.0,400733511.0
2021-08-23,13.3,12.8325,13.125,13.125,8.0,51449.0,400733511.0
2021-08-24,13.25,12.555,12.875,13.125,7.0,94832.0,400733511.0
2021-08-25,12.9875,12.555,12.875,12.875,6.0,36064.0,400733511.0
2021-08-26,13.1,12.55,12.875,12.875,9.0,180080.0,400733511.0
2021-08-27,13.0,12.5,12.75,12.875,10.0,58795.0,400733511.0
2021-08-30,,,,,,,
2021-08-31,12.82,12.5,12.75,12.625,8.0,79595.0,400733511.0
2021-09-01,12.725,12.325,12.75,12.625,6.0,44350.0,400733511.0
2021-09-02,12.75,12.55,12.75,12.625,10.0,242125.0,400733511.0
2021-09-03,12.5,12.067,12.25,12.75,21.0,293882.0,400733511.0
2021-09-06,12.5,11.5,12.0,12.25,30.0,300021.0,400733511.0
2021-09-07,12.5,12.14,12.25,12.125,11.0,88346.0,400733511.0
2021-09-08,12.05,12.01,12.25,12.25,3.0,45231.0,400733511.0
2021-09-09,12.5,11.75,12.125,12.25,13.0,105935.0,400733511.0
2021-09-10,12.25,11.75,12.125,12.125,6.0,41629.0,400733511.0
2021-09-13,12.5,11.6155,11.75,12.125,23.0,136213.0,400733511.0
2021-09-14,11.8,11.5,11.75,11.75,7.0,42777.0,400733511.0
2021-09-15,12.5,11.6,12.0,11.75,20.0,398803.0,400733511.0
2021-09-16,12.2,11.5,11.75,12.0,12.0,208204.0,400733511.0
2021-09-17,11.8595,11.51,11.75,11.75,4.0,50892.0,400733511.0
2021-09-20,11.824,11.06,11.25,11.75,27.0,252510.0,400733511.0
2021-09-21,12.0,10.95,11.2,11.25,42.0,501856.0,400733511.0
2021-09-22,12.0,10.945,11.625,11.25,19.0,457094.0,400733511.0
2021-09-23,11.8125,11.52,11.625,11.625,4.0,165970.0,400733511.0
2021-09-24,12.0,11.5,11.75,11.625,10.0,37938.0,400733511.0
2021-09-27,12.25,11.53,11.875,11.75,8.0,96970.0,400733511.0
2021-09-28,12.25,11.515,11.75,11.875,6.0,40542.0,400733511.0
2021-09-29,11.37,11.37,11.75,11.75,1.0,1871.0,400733511.0
2021-09-30,13.4,12.0,12.75,11.875,68.0,2345036.0,400733511.0
2021-10-01,13.5,12.4511,12.75,12.75,28.0,1109865.0,400733511.0
2021-10-04,12.825,12.5,12.7,12.75,20.0,2016035.0,400733511.0
2021-10-05,13.0,12.0,12.375,12.75,12.0,165938.0,400733511.0
2021-10-06,12.75,12.1125,12.375,12.375,8.0,33008.0,400733511.0
2021-10-07,12.7,12.1125,12.375,12.375,9.0,47085.0,400733511.0
2021-10-08,12.4425,12.1655,12.375,12.375,10.0,134580.0,400733511.0
2021-10-11,12.4155,12.05,12.05,12.375,9.0,90993.0,400733511.0
2021-10-12,12.5,12.0,12.25,12.375,17.0,46328.0,400733511.0
2021-10-13,12.3,12.11,12.25,12.25,7.0,237572.0,400733511.0
2021-10-14,13.0,12.05,12.5,12.25,12.0,190767.0,400733511.0
2021-10-15,12.53,12.125,12.5,12.5,13.0,603698.0,400733511.0
2021-10-18,12.75,12.0,12.375,12.5,19.0,279679.0,400733511.0
2021-10-19,12.5,11.5827,11.875,12.375,16.0,132550.0,400733511.0
2021-10-20,11.99,11.6896,11.75,11.875,11.0,402788.0,400733511.0
2021-10-21,12.0,11.8,12.0,11.75,10.0,479550.0,400733511.0
2021-10-22,12.0,11.6502,12.0,11.75,34.0,1880288.0,400733511.0
2021-10-25,12.84,11.5,12.8,11.75,69.0,2075916.0,400733511.0
2021-10-26,15.0,12.945,14.25,12.75,79.0,1494337.0,400733511.0
2021-10-27,14.75,13.9838,14.375,14.25,34.0,654264.0,400733511.0
2021-10-28,15.0,13.75,14.625,14.375,39.0,1063155.0,400733511.0
2021-10-29,15.0,14.12,14.5,14.625,46.0,712008.0,400733511.0
2021-11-01,15.0,14.255,14.5,14.5,56.0,1906719.0,400733511.0
2021-11-02,16.0,14.5,15.0,14.625,103.0,3410024.0,400733511.0
2021-11-03,15.3,13.51,14.375,15.0,52.0,988069.0,400733511.0
2021-11-04,14.5,12.7625,13.625,14.375,55.0,865254.0,400733511.0
2021-11-05,13.75,13.25,13.375,13.75,17.0,450398.0,400733511.0
2021-11-08,13.75,13.0,13.75,13.375,37.0,292490.0,400733511.0
2021-11-09,13.95,13.3,13.75,13.5,28.0,746749.0,400733511.0
2021-11-10,14.0,13.55,13.75,13.75,15.0,427302.0,400733511.0
2021-11-11,14.1,13.5,13.75,13.75,7.0,66712.0,400733511.0
2021-11-12,13.8839,13.5055,13.75,13.75,11.0,281916.0,400733511.0
2021-11-15,13.85,13.5,13.75,13.75,21.0,487169.0,400733511.0
2021-11-16,14.0,12.75,13.0,13.75,31.0,728230.0,400733511.0
2021-11-17,13.25,12.56,12.625,13.0,32.0,640942.0,400733511.0
2021-11-18,12.7225,12.585,12.625,12.625,6.0,73048.0,400733511.0
2021-11-19,12.7,12.5,12.625,12.625,8.0,50910.0,400733511.0
2021-11-22,12.75,11.68,11.75,12.625,37.0,772719.0,400733511.0
2021-11-23,12.0,11.555,11.75,11.75,15.0,368338.0,400733511.0
2021-11-24,12.75,11.51,12.375,11.75,27.0,709985.0,400733511.0
2021-11-25,12.75,12.0,12.3,12.375,12.0,298226.0,400733511.0
2021-11-26,12.5,11.0,11.5,12.25,38.0,1055676.0,400733511.0
2021-11-29,12.5,11.75,12.25,11.875,18.0,666243.0,400733511.0
2021-11-30,14.0,12.0,13.25,12.25,31.0,1089421.0,400733511.0
2021-12-01,13.4289,12.75,13.25,13.25,8.0,173646.0,400733511.0
2021-12-02,13.5,12.75,12.75,13.125,18.0,283300.0,400733511.0
2021-12-03,12.638,12.525,12.75,12.75,3.0,30788.0,400733511.0
2021-12-06,13.5,12.5,12.95,12.75,10.0,147375.0,400733511.0
2021-12-07,13.25,12.25,12.625,13.0,9.0,142681.0,400733511.0
2021-12-08,12.1925,11.0,12.125,11.625,41.0,799727.0,400733511.0
2021-12-09,12.5,11.5,11.75,12.125,13.0,277046.0,400733511.0
2021-12-10,12.05,11.0,11.625,11.75,26.0,155850.0,400733511.0
2021-12-13,12.0,11.0,11.375,11.625,18.0,179839.0,400733511.0
2021-12-14,11.75,10.8,11.125,11.375,18.0,557657.0,400733511.0
2021-12-15,11.5,10.8325,11.125,11.125,18.0,262900.0,400733511.0
2021-12-16,11.25,10.855,11.25,11.125,4.0,141202.0,400733511.0
2021-12-17,11.5,10.8,11.125,11.25,13.0,195380.0,400733511.0
2021-12-20,11.25,10.5,10.75,11.125,24.0,1008784.0,400733511.0
2021-12-21,11.25,10.7,10.875,10.75,14.0,170569.0,400733511.0
2021-12-22,11.25,10.7,11.0,10.875,13.0,89231.0,400733511.0
2021-12-23,11.5,10.75,11.125,11.0,18.0,94447.0,400733511.0
2021-12-24,11.5,11.1,11.25,11.125,3.0,13805.0,400733511.0
2021-12-27,,,,,,,
2021-12-28,,,,,,,
2021-12-29,11.42,11.0,11.5,11.25,11.0,116952.0,400733511.0
2021-12-30,11.75,11.0,11.375,11.5,8.0,52831.0,400733511.0
2021-12-31,11.75,11.0,11.375,11.375,6.0,45319.0,400733511.0
2022-01-03,,,,,,,
2022-01-04,11.5,10.51,11.0,11.375,30.0,563680.0,400733511.0
2022-01-05,11.0,10.5,10.75,11.0,25.0,374926.0,400733511.0
2022-01-06,10.85,10.68,10.75,10.75,5.0,29572.0,400733511.0
2022-01-07,10.8625,10.681,10.75,10.75,5.0,45145.0,400733511.0
2022-01-10,11.0,10.683,10.75,10.75,12.0,151949.0,400733511.0
2022-01-11,11.5,10.6,11.25,10.75,29.0,362860.0,400733511.0
2022-01-12,11.5,10.75,11.5,11.25,11.0,53258.0,400733511.0
2022-01-13,11.5,10.775,11.25,11.125,17.0,163161.0,400733511.0
2022-01-14,11.34,11.0,11.25,11.25,12.0,39139.0,400733511.0
2022-01-17,11.48,11.065,11.25,11.25,15.0,233943.0,400733511.0
2022-01-18,11.5,10.8665,11.0,11.25,10.0,204620.0,400733511.0
2022-01-19,11.5,11.0,11.25,11.25,13.0,107525.0,400733511.0
2022-01-20,11.5,10.58,10.8,11.25,27.0,483719.0,400733511.0
2022-01-21,11.5,10.5,10.5,10.75,19.0,321603.0,400733511.0
2022-01-24,11.25,10.5,10.5,11.0,12.0,55569.0,400733511.0
2022-01-25,11.5,10.5,10.55,10.875,7.0,78626.0,400733511.0
2022-01-26,11.0,10.655,10.75,10.75,8.0,249693.0,400733511.0
2022-01-27,10.88,10.51,10.75,10.75,7.0,72733.0,400733511.0
2022-01-28,10.75,10.0075,10.375,10.75,20.0,352775.0,400733511.0
2022-01-31,11.0,10.0,10.5,10.375,28.0,568107.0,400733511.0
2022-02-01,10.75,10.28,10.375,10.5,5.0,87706.0,400733511.0
2022-02-02,11.0,10.3055,10.625,10.375,11.0,135661.0,400733511.0
2022-02-03,10.7,10.375,10.625,10.625,6.0,14458.0,400733511.0
2022-02-04,11.0,10.25,10.75,10.625,10.0,117605.0,400733511.0
2022-02-07,10.724,10.505,10.75,10.75,7.0,151576.0,400733511.0
2022-02-08,10.715,10.715,10.75,10.75,1.0,51218.0,400733511.0
2022-02-09,10.695,10.5,10.75,10.75,6.0,77496.0,400733511.0
2022-02-10,10.75,10.275,10.5,10.75,18.0,375672.0,400733511.0
2022-02-11,10.64,10.32,10.5,10.5,4.0,121485.0,400733511.0
2022-02-14,10.75,10.0,10.375,10.5,18.0,478528.0,400733511.0
2022-02-15,10.75,10.75,10.375,10.375,2.0,45000.0,400733511.0
2022-02-16,10.6375,10.25,10.5,10.375,7.0,148190.0,400733511.0
2022-02-17,10.586,10.26,10.5,10.5,2.0,11621.0,400733511.0
2022-02-18,10.4788,10.15,10.3,10.5,9.0,301702.0,400733511.0
2022-02-21,10.4,10.155,10.25,10.25,10.0,201623.0,400733511.0
2022-02-22,10.5,10.055,10.25,10.25,4.0,36630.0,400733511.0
2022-02-23,10.5,9.5,9.75,10.25,52.0,2065372.0,400733511.0
2022-02-24,10.0,9.0,9.1,9.75,26.0,266260.0,400733511.0
2022-02-25,9.5,9.0,9.25,9.25,10.0,47284.0,400733511.0
2022-02-28,9.5,8.515,8.75,9.25,15.0,393948.0,400733511.0
2022-03-01,9.0,8.5,8.75,8.75,12.0,343661.0,400733511.0
2022-03-02,9.0,7.64,7.9,8.75,27.0,887244.0,400733511.0
2022-03-03,8.2,7.5,7.65,7.75,18.0,250397.0,400733511.0
2022-03-04,7.5,6.5,6.75,7.65,48.0,4650272.0,400733511.0
2022-03-07,7.0,6.4,7.0,6.75,21.0,405063.0,400733511.0
2022-03-08,6.875,6.5,6.5,6.75,14.0,1778296.0,400733511.0
2022-03-09,7.0,6.5,6.6,6.75,16.0,736575.0,400733511.0
2022-03-10,6.7,6.0,6.25,6.6,24.0,2599556.0,400733511.0
2022-03-11,6.4,6.0,6.25,6.25,19.0,2818750.0,400733511.0
2022-03-14,7.4,6.0,6.95,6.25,19.0,585895.0,400733511.0
2022-03-15,7.0,6.5,6.75,6.75,9.0,122989.0,400733511.0
2022-03-16,7.4,6.655,6.95,6.75,13.0,315496.0,400733511.0
2022-03-17,7.4,6.855,6.85,6.95,9.0,75805.0,400733511.0
2022-03-18,6.994,6.71,6.95,6.85,7.0,241318.0,400733511.0
2022-03-21,7.4,7.0,7.4,6.95,10.0,347916.0,400733511.0
2022-03-22,7.4,7.0,7.25,7.05,11.0,517317.0,400733511.0
2022-03-23,7.395,7.06,7.25,7.25,4.0,38999.0,400733511.0
2022-03-24,7.5,7.0,7.1,7.25,10.0,466627.0,400733511.0
2022-03-25,7.1,7.08,7.1,7.15,5.0,303531.0,400733511.0
2022-03-28,7.15,6.82,7.15,7.15,8.0,371802.0,400733511.0
2022-03-29,7.5,6.8,7.15,7.15,15.0,1852903.0,400733511.0
2022-03-30,7.5,6.7578,7.15,7.15,9.0,238433.0,400733511.0
2022-03-31,7.1,6.8,7.15,7.15,7.0,89611.0,400733511.0
2022-04-01,7.32,6.8,7.0,7.15,12.0,96087.0,400733511.0
2022-04-04,7.0,6.3455,6.65,6.9,20.0,726475.0,400733511.0
2022-04-05,6.9,6.35,6.65,6.65,10.0,124365.0,400733511.0
2022-04-06,7.0,6.385,6.75,6.65,13.0,335441.0,400733511.0
2022-04-07,7.0,6.61,6.75,6.75,5.0,197579.0,400733511.0
2022-04-08,6.9,6.565,6.75,6.75,7.0,228483.0,400733511.0
2022-04-11,6.825,6.6,6.75,6.75,8.0,289115.0,400733511.0
2022-04-12,6.616,6.6155,6.75,6.75,2.0,54951.0,400733511.0
2022-04-13,7.0,6.84,6.84,6.75,5.0,235021.0,400733511.0
2022-04-14,6.715,6.715,6.75,6.75,2.0,15059.0,400733511.0
2022-04-19,6.94,6.7235,6.75,6.75,6.0,133830.0,400733511.0
2022-04-20,7.5,6.5,7.0,6.75,9.0,34714.0,400733511.0
2022-04-21,7.29,6.755,7.0,7.0,3.0,186721.0,400733511.0
2022-04-22,7.0,6.815,7.0,7.0,3.0,163219.0,400733511.0
2022-04-25,7.14,6.86,7.0,7.0,8.0,22543.0,400733511.0
2022-04-26,7.2,6.5,6.85,7.0,11.0,83684.0,400733511.0
2022-04-27,6.9,6.9,6.85,6.85,1.0,61591.0,400733511.0
2022-04-28,7.14,6.675,6.95,6.85,9.0,327762.0,400733511.0
2022-04-29,7.2,6.7,6.95,6.95,8.0,64477.0,400733511.0
2022-05-02,,,,,,,
2022-05-03,7.2,6.33,6.85,6.85,22.0,706282.0,400733511.0
2022-05-04,7.175,6.715,6.85,6.85,5.0,198541.0,400733511.0
2022-05-05,7.2,6.75,6.85,6.85,6.0,40185.0,400733511.0
2022-05-06,6.76,6.759,6.85,6.85,3.0,119715.0,400733511.0
2022-05-09,7.0,6.6,6.75,6.85,9.0,141359.0,400733511.0
2022-05-10,6.84,6.84,6.75,6.75,1.0,10951.0,400733511.0
2022-05-11,6.825,6.63,6.75,6.75,3.0,18515.0,400733511.0
2022-05-12,6.8,6.8,6.75,6.75,1.0,12190.0,400733511.0
2022-05-13,6.795,6.645,6.75,6.75,5.0,91864.0,400733511.0
2022-05-16,7.0,6.3,6.45,6.75,8.0,159787.0,400733511.0
2022-05-17,6.7,6.69,6.45,6.45,3.0,106037.0,400733511.0
2022-05-18,7.075,6.5,6.8,6.45,10.0,385918.0,400733511.0
2022-05-19,6.98,6.5,6.98,6.8,4.0,77879.0,400733511.0
2022-05-20,6.99,6.588,6.65,6.7,2.0,12171.0,400733511.0
2022-05-23,7.1,6.375,6.8,6.65,4.0,154816.0,400733511.0
2022-05-24,7.1,6.8,6.8,6.8,4.0,47587.0,400733511.0
2022-05-25,7.08,6.801,6.9,6.9,11.0,199700.0,400733511.0
2022-05-26,6.97,6.808,6.9,6.9,2.0,136.0,400733511.0
2022-05-27,6.97,6.811,6.9,6.9,4.0,10873.0,400733511.0
2022-05-30,6.97,6.7,6.9,6.9,8.0,228946.0,400733511.0
2022-05-31,6.8425,6.84,6.9,6.9,2.0,600.0,400733511.0
2022-06-01,7.0,7.0,6.9,6.9,4.0,5920.0,400733511.0
2022-06-02,,,,,,,
2022-06-03,,,,,,,
2022-06-06,7.5,6.7,7.1,6.9,6.0,22366.0,400733511.0
2022-06-07,7.099,6.875,7.1,7.1,4.0,19135.0,400733511.0
2022-06-08,,,7.1,,,,400733511.0
2022-06-09,7.2,6.7,6.95,7.1,7.0,5378.0,400733511.0
2022-06-10,7.0,6.85,6.95,6.95,4.0,38605.0,400733511.0
2022-06-13,7.0,6.825,6.95,6.95,4.0,9429.0,400733511.0
2022-06-14,6.85,6.835,6.95,6.95,2.0,105553.0,400733511.0
2022-06-15,6.99,6.85,6.95,6.95,2.0,81468.0,400733511.0
2022-06-16,6.975,6.835,6.95,6.95,2.0,4963.0,400733511.0
2022-06-17,7.0,6.765,6.85,6.95,4.0,56056.0,400733511.0
2022-06-20,6.94,6.35,6.35,6.85,9.0,412495.0,400733511.0
2022-06-21,6.0,6.0,6.35,6.35,1.0,74800.0,400733511.0
2022-06-22,,,6.35,,,,400733511.0
2022-06-23,6.5,6.2,6.25,6.35,7.0,33246.0,400733511.0
2022-06-24,6.4248,6.224,6.55,6.25,4.0,139192.0,400733511.0
2022-06-27,6.74,6.55,6.55,6.55,3.0,6838.0,400733511.0
2022-06-28,6.55,6.108,6.3,6.55,6.0,50902.0,400733511.0
2022-06-29,6.46,6.109,6.2,6.3,6.0,175297.0,400733511.0
2022-06-30,6.245,6.0,6.05,5.9,6.0,74893.0,400733511.0
2022-07-01,6.3,5.83,6.05,6.05,6.0,73209.0,400733511.0
2022-07-04,6.08,6.08,6.05,6.05,1.0,1233.0,400733511.0
2022-07-05,6.3,5.88,5.88,6.05,4.0,7347.0,400733511.0
2022-07-06,6.3,5.8,5.8,6.05,4.0,22422.0,400733511.0
2022-07-07,6.3,5.64,6.05,6.05,5.0,60787.0,400733511.0
2022-07-08,6.3,5.83,6.05,6.05,4.0,21596.0,400733511.0
2022-07-11,6.05,5.98,6.05,6.05,3.0,60419.0,400733511.0
2022-07-12,6.3,5.974,6.05,6.05,6.0,20709.0,400733511.0
2022-07-13,6.3,5.81,6.05,6.05,4.0,7827.0,400733511.0
2022-07-14,5.81,5.81,6.05,6.05,1.0,9671.0,400733511.0
2022-07-15,5.98,5.82,6.05,6.05,2.0,116354.0,400733511.0
2022-07-18,6.149,5.86,6.05,6.05,2.0,4240.0,400733511.0
2022-07-19,6.134,5.8,6.05,6.05,2.0,39205.0,400733511.0
2022-07-20,6.12,5.914,6.05,6.05,2.0,46389.0,400733511.0
2022-07-21,6.3,6.0694,6.05,6.05,2.0,2532.0,400733511.0
2022-07-22,5.935,5.935,6.05,6.05,2.0,3211.0,400733511.0
2022-07-25,6.8,5.935,6.5,6.05,15.0,499683.0,400733511.0
2022-07-26,6.9,6.788,6.85,6.55,4.0,122500.0,400733511.0
2022-07-27,6.8,6.606,6.75,6.85,9.0,386304.0,400733511.0
2022-07-28,6.795,6.79,6.75,6.75,2.0,15712.0,400733511.0
2022-07-29,7.1393,6.606,7.05,6.75,14.0,718532.0,400733511.0
2022-08-01,7.1,6.834,6.95,7.05,7.0,73925.0,400733511.0
2022-08-02,7.1,6.845,6.95,6.95,2.0,763.0,400733511.0
2022-08-03,7.0,6.8,6.95,6.95,7.0,24897.0,400733511.0
2022-08-04,7.08,6.915,6.95,6.95,6.0,326899.0,400733511.0
2022-08-05,7.1,6.9255,6.95,6.95,3.0,2854.0,400733511.0
2022-08-08,7.0,6.8,6.95,6.95,5.0,283840.0,400733511.0
2022-08-09,6.8,6.8,6.95,6.95,3.0,2304.0,400733511.0
2022-08-10,6.9355,6.78,6.95,6.95,4.0,23636.0,400733511.0
2022-08-11,7.085,6.8,6.95,6.95,10.0,208081.0,400733511.0
2022-08-12,7.044,6.78,6.95,6.95,7.0,14297.0,400733511.0
2022-08-15,7.029,6.8,6.95,6.95,9.0,26171.0,400733511.0
2022-08-16,7.1,6.998,6.95,6.95,3.0,72541.0,400733511.0
2022-08-17,7.084,6.9055,6.95,6.95,4.0,358765.0,400733511.0
2022-08-18,,,6.95,,,,400733511.0
2022-08-19,7.1,6.9055,6.95,6.95,3.0,55014.0,400733511.0
2022-08-22,6.915,6.914,6.95,6.95,2.0,26766.0,400733511.0
2022-08-23,7.05,6.854,6.95,6.95,4.0,103515.0,400733511.0
2022-08-24,7.044,6.8755,6.95,6.95,2.0,24000.0,400733511.0
2022-08-25,7.1,7.1,6.95,6.95,1.0,154.0,400733511.0
2022-08-26,7.032,6.877,6.95,6.95,3.0,22280.0,400733511.0
2022-08-29,,,,,,,
2022-08-30,7.029,7.029,6.95,6.95,1.0,213.0,400733511.0
2022-08-31,7.025,6.877,6.95,6.95,4.0,10168.0,400733511.0
2022-09-01,7.016,6.571,6.85,6.95,11.0,358239.0,400733511.0
2022-09-02,6.704,6.7,6.85,6.7,4.0,3988.0,400733511.0
2022-09-05,7.0,6.7,6.85,6.7,3.0,6846.0,400733511.0
2022-09-06,6.706,6.706,6.85,6.7,1.0,5284.0,400733511.0
2022-09-07,6.92,6.706,6.85,6.7,3.0,35933.0,400733511.0
2022-09-08,7.0,6.7,6.85,6.65,5.0,12453.0,400733511.0
2022-09-09,7.0,6.706,6.85,6.65,3.0,3258.0,400733511.0
2022-09-12,7.0,6.9,6.85,6.65,3.0,171.0,400733511.0
2022-09-13,6.7,6.7,6.5,6.65,1.0,25000.0,400733511.0
2022-09-14,6.5,6.5,6.5,6.5,2.0,1099.0,400733511.0
2022-09-15,6.64,6.41,6.5,6.5,3.0,35374.0,400733511.0
2022-09-16,6.7,6.628,6.5,6.5,2.0,125.0,400733511.0
2022-09-19,,,,,,,
2022-09-20,6.7,6.01,6.2,6.5,9.0,65044.0,400733511.0
2022-09-21,6.5,6.01,6.2,6.2,3.0,30344.0,400733511.0
2022-09-22,6.5,5.96,6.2,6.2,7.0,190323.0,400733511.0
2022-09-23,6.5,6.02,6.2,6.2,7.0,18953.0,400733511.0
2022-09-26,6.3,5.9,6.05,6.1,7.0,43052.0,400733511.0
2022-09-27,,,6.05,,,,400733511.0
2022-09-28,6.094,5.8,6.05,6.05,6.0,59602.0,400733511.0
2022-09-29,6.0,5.825,5.9,6.05,4.0,29562.0,400733511.0
2022-09-30,7.2,5.93,6.95,5.9,66.0,1515469.0,400733511.0
2022-10-03,7.2,6.8,7.0,6.95,16.0,365391.0,400733511.0
2022-10-04,7.4,6.8,7.05,7.0,12.0,457153.0,400733511.0
2022-10-05,7.084,6.81,7.1,7.05,9.0,464394.0,400733511.0
2022-10-06,7.4,6.881,7.1,7.1,8.0,132696.0,400733511.0
2022-10-07,7.28,6.7776,7.0,7.1,22.0,138422.0,400733511.0
2022-10-10,7.3,7.03,7.15,7.0,26.0,2798816.0,400733511.0
2022-10-11,7.3,7.12,7.15,7.15,13.0,481699.0,400733511.0
2022-10-12,7.3,7.125,7.15,7.15,6.0,297581.0,400733511.0
2022-10-13,7.125,7.125,7.15,7.15,2.0,8247.0,400733511.0
2022-10-14,7.3,7.0,7.15,7.15,5.0,70934.0,400733511.0
2022-10-17,7.297,7.13,7.15,7.15,3.0,112154.0,400733511.0
2022-10-18,7.13,6.855,6.95,7.15,8.0,247709.0,400733511.0
2022-10-19,7.1,6.855,6.95,6.95,7.0,91179.0,400733511.0
2022-10-20,6.875,6.875,6.95,6.95,1.0,247.0,400733511.0
2022-10-21,6.994,6.675,6.85,6.95,11.0,380254.0,400733511.0
2022-10-24,7.18,6.6,7.0,6.85,13.0,541480.0,400733511.0
2022-10-25,7.185,7.0,7.1,7.0,13.0,1492701.0,400733511.0
2022-10-26,7.185,6.9,6.9,7.1,10.0,1149962.0,400733511.0
2022-10-27,6.982,6.533,6.8,6.95,10.0,311884.0,400733511.0
2022-10-28,7.0,6.5794,6.8,6.8,12.0,422476.0,400733511.0
2022-10-31,6.9,6.6,6.8,6.8,3.0,30048.0,400733511.0
2022-11-01,7.0,6.66,6.9,6.8,8.0,139661.0,400733511.0
2022-11-02,7.2,6.9,7.05,6.9,30.0,1606477.0,400733511.0
2022-11-03,7.2,6.9344,7.05,7.05,5.0,63939.0,400733511.0
2022-11-04,7.1,6.825,7.0,7.05,10.0,208196.0,400733511.0
2022-11-07,7.2,7.04,7.0,7.0,5.0,130150.0,400733511.0
2022-11-08,7.07,6.8,7.0,7.0,4.0,15502.0,400733511.0
2022-11-09,7.05,6.8,7.0,7.0,8.0,247886.0,400733511.0
2022-11-10,7.05,6.92,7.0,7.0,4.0,18461.0,400733511.0
2022-11-11,7.1,6.9,7.0,7.0,14.0,284500.0,400733511.0
2022-11-14,7.05,6.9,6.95,7.0,12.0,242611.0,400733511.0
2022-11-15,7.04,6.904,7.0,6.95,8.0,285464.0,400733511.0
2022-11-16,7.02,6.904,7.0,7.0,15.0,941528.0,400733511.0
2022-11-17,7.1,6.951,7.0,7.0,8.0,120726.0,400733511.0
2022-11-18,7.08,6.955,7.0,7.0,9.0,893827.0,400733511.0
2022-11-21,7.137,6.916,7.05,7.0,19.0,1452986.0,400733511.0
2022-11-22,7.14,6.906,7.0,7.05,14.0,982983.0,400733511.0
2022-11-23,7.2,6.718,6.85,7.0,8.0,98546.0,400733511.0
2022-11-24,6.7427,6.4,6.5,6.85,19.0,1238845.0,400733511.0
2022-11-25,6.6,6.474,6.6,6.5,7.0,179804.0,400733511.0
2022-11-28,6.7,6.5392,6.6,6.6,5.0,23088.0,400733511.0
2022-11-29,6.7,6.545,6.6,6.6,4.0,12445.0,400733511.0
2022-11-30,6.74,6.662,6.75,6.6,3.0,91357.0,400733511.0
2022-12-01,7.0,6.5,6.75,6.75,10.0,100122.0,400733511.0
2022-12-02,7.2,6.75,6.95,6.75,9.0,276392.0,400733511.0
2022-12-05,7.2,6.7,6.95,6.95,9.0,165444.0,400733511.0
2022-12-06,7.2,6.8,7.0,6.95,9.0,225835.0,400733511.0
2022-12-07,7.0,6.0,6.0,7.0,31.0,711134.0,400733511.0
2022-12-08,6.0,5.565,5.9,6.0,25.0,484155.0,400733511.0
2022-12-09,5.98,5.98,5.9,5.9,2.0,33483.0,400733511.0
2022-12-12,5.976,5.871,5.9,5.9,7.0,74200.0,400733511.0
2022-12-13,6.0,5.51,5.95,5.9,15.0,1528788.0,400733511.0
2022-12-14,5.999,5.9,5.95,5.95,5.0,352617.0,400733511.0
2022-12-15,6.0,5.901,5.95,5.95,6.0,104264.0,400733511.0
2022-12-16,6.0,5.9,5.95,5.95,3.0,44666.0,400733511.0
2022-12-19,6.0,5.903,5.95,5.95,4.0,17268.0,400733511.0
2022-12-20,5.9,5.9,5.85,5.95,2.0,10075.0,400733511.0
2022-12-21,5.9,5.7,5.7,5.85,8.0,274915.0,400733511.0
2022-12-22,5.9,5.6,5.75,5.7,16.0,589084.0,400733511.0
2022-12-23,5.9,5.9,5.8,5.75,1.0,500000.0,400733511.0
2022-12-27,,,,,,,
2022-12-28,6.0,5.655,5.8,5.8,7.0,12346.0,400733511.0
2022-12-29,6.0,5.655,5.8,5.8,4.0,43618.0,400733511.0
2022-12-30,5.675,5.675,5.8,5.8,1.0,10050.0,400733511.0
2023-01-02,,,,,,,
2023-01-03,6.0,5.6,5.8,5.8,11.0,264992.0,400733511.0
2023-01-04,5.985,5.7185,5.8,5.8,5.0,607778.0,400733511.0
2023-01-05,5.985,5.9,5.85,5.8,6.0,695655.0,400733511.0
2023-01-06,5.969,5.77,5.85,5.85,5.0,36598.0,400733511.0
2023-01-09,6.0,5.7,5.85,5.85,7.0,10996.0,400733511.0
2023-01-10,5.969,5.7,5.85,5.85,8.0,367925.0,400733511.0
2023-01-11,5.792,5.792,5.85,5.85,1.0,9832.0,400733511.0
2023-01-12,5.95,5.792,5.85,5.85,4.0,269760.0,400733511.0
2023-01-13,5.964,5.7,5.85,5.85,4.0,367118.0,400733511.0
2023-01-16,6.0,5.82,5.85,5.85,2.0,6853.0,400733511.0
2023-01-17,6.0,5.822,5.85,5.85,3.0,76358.0,400733511.0
2023-01-18,6.6,5.5,6.15,5.85,54.0,69414029.0,400733511.0
2023-01-19,6.2,6.002,5.95,6.15,21.0,2862340.0,400733511.0
2023-01-20,6.3,5.8,6.25,5.85,22.0,1039603.0,400733511.0
2023-01-23,6.349,6.1,6.2,6.15,10.0,492257.0,400733511.0
2023-01-24,6.2,6.0,6.05,6.2,12.0,365091.0,400733511.0
2023-01-25,6.274,6.098,6.2,6.05,9.0,492917.0,400733511.0
2023-01-26,6.3,6.1255,6.2,6.2,8.0,35672.0,400733511.0
2023-01-27,6.25,6.002,6.25,6.15,13.0,461984.0,400733511.0
2023-01-30,6.4,6.01,6.1,6.25,9.0,464532.0,400733511.0
2023-01-31,6.2,6.0,6.1,6.1,13.0,698086.0,400733511.0
2023-02-01,6.1,5.9,5.9,6.1,9.0,417457.0,400733511.0
2023-02-02,6.3,5.9255,6.3,5.9,16.0,421646.0,400733511.0
2023-02-03,6.3267,6.1,6.3,6.3,6.0,258126.0,400733511.0
2023-02-06,6.38,6.136,6.3,6.3,3.0,91030.0,400733511.0
2023-02-07,6.359,6.1,6.25,6.3,4.0,129061.0,400733511.0
2023-02-08,6.106,6.106,6.25,6.25,1.0,25000.0,400733511.0
2023-02-09,6.3,6.1075,6.2,6.2,6.0,163226.0,400733511.0
2023-02-10,6.685,6.111,6.6,6.2,13.0,466909.0,400733511.0
2023-02-13,6.94,6.2,6.4,6.6,17.0,601150.0,400733511.0
2023-02-14,7.0,6.596,6.8,6.4,14.0,289649.0,400733511.0
2023-02-15,7.476,6.62,7.45,6.8,17.0,598474.0,400733511.0
2023-02-16,8.4,7.3,8.3,7.45,32.0,705607.0,400733511.0
2023-02-17,9.0,8.3,8.55,8.3,33.0,677702.0,400733511.0
2023-02-20,9.297,8.5,9.0,8.55,23.0,512960.0,400733511.0
2023-02-21,9.3,8.3,8.8,9.15,29.0,745510.0,400733511.0
2023-02-22,8.876,8.375,8.7,8.8,17.0,566302.0,400733511.0
2023-02-23,9.5,8.7,9.22,8.75,29.0,385076.0,400733511.0
2023-02-24,9.4,9.0,9.15,9.25,15.0,117129.0,400733511.0
2023-02-27,9.3,8.551,8.6,9.15,23.0,765602.0,400733511.0
2023-02-28,8.9,8.455,8.65,8.6,9.0,123499.0,400733511.0
2023-03-01,8.9,8.685,8.75,8.65,8.0,90182.0,400733511.0
2023-03-02,8.92,8.5,8.75,8.75,10.0,130045.0,400733511.0
2023-03-03,9.0,8.615,8.75,8.75,5.0,73827.0,400733511.0
2023-03-06,9.0,8.6255,8.75,8.75,4.0,15582.0,400733511.0
2023-03-07,9.0,8.2,8.5,8.75,20.0,278815.0,400733511.0
2023-03-08,10.0,8.54,9.0,8.65,64.0,1349040.0,400733511.0
2023-03-09,10.0,9.6,9.8,9.4,29.0,622796.0,400733511.0
2023-03-10,10.0,9.3,9.3,9.8,24.0,478425.0,400733511.0
2023-03-13,10.0,9.37,9.6,9.65,37.0,521111.0,400733511.0
2023-03-14,9.8,9.4,9.6,9.6,10.0,147632.0,400733511.0
2023-03-15,9.8,9.155,9.35,9.6,29.0,517669.0,400733511.0
2023-03-16,10.0,9.0,9.46,9.25,30.0,666085.0,400733511.0
2023-03-17,9.889,9.25,9.6,9.5,17.0,536452.0,400733511.0
2023-03-20,10.0,9.0,9.5,9.6,32.0,556012.0,400733511.0
2023-03-21,9.6,9.0,9.15,9.35,33.0,562950.0,400733511.0
2023-03-22,9.44,9.033,9.25,9.15,20.0,506137.0,400733511.0
2023-03-23,9.5,9.0,9.25,9.25,16.0,161487.0,400733511.0
2023-03-24,9.5,8.72,9.0,9.25,23.0,554042.0,400733511.0
2023-03-27,9.5,8.5,8.5,9.0,14.0,289056.0,400733511.0
2023-03-28,9.5,8.705,8.75,9.0,18.0,287279.0,400733511.0
2023-03-29,9.0,8.625,8.75,8.75,5.0,23873.0,400733511.0
2023-03-30,9.0,8.5,8.85,8.75,16.0,201303.0,400733511.0
2023-03-31,9.5,8.6,9.1,8.85,37.0,825496.0,400733511.0
2023-04-03,9.5,8.7,9.1,9.1,10.0,119476.0,400733511.0
2023-04-04,9.65,8.7,9.475,9.1,24.0,1090323.0,400733511.0
2023-04-05,9.6,9.225,9.35,9.475,9.0,193898.0,400733511.0
2023-04-06,9.5,9.2,9.35,9.35,7.0,36640.0,400733511.0
2023-04-11,9.5,9.2,9.3,9.35,18.0,195257.0,400733511.0
2023-04-12,9.4,9.2,9.3,9.3,14.0,242642.0,400733511.0
2023-04-13,9.4,9.214,9.3,9.3,9.0,99132.0,400733511.0
2023-04-14,9.4,9.32,9.3,9.3,7.0,37461.0,400733511.0
2023-04-17,9.4,9.21,9.3,9.3,5.0,25807.0,400733511.0
2023-04-18,9.4,9.0,9.0,9.3,15.0,176076.0,400733511.0
2023-04-19,9.55,9.0,9.2,9.2,13.0,257836.0,400733511.0
2023-04-20,9.4,9.0,9.2,9.0,14.0,364722.0,400733511.0
2023-04-21,9.25,8.6,8.8,9.2,6.0,174333.0,400733511.0
2023-04-24,9.0,8.25,8.8,8.8,24.0,605446.0,400733511.0
2023-04-25,8.5,8.125,8.25,8.35,2.0,54000.0,400733511.0
2023-04-26,8.5,8.035,8.25,8.15,7.0,93665.0,400733511.0
2023-04-27,8.45,7.814,8.15,8.25,10.0,120267.0,400733511.0
2023-04-28,8.5,7.8,8.15,8.15,6.0,74870.0,400733511.0
2023-05-02,8.2,7.8,8.15,8.15,7.0,77110.0,400733511.0
2023-05-03,8.15,7.875,8.15,8.15,4.0,34223.0,400733511.0
2023-05-04,8.0,7.8,7.95,8.15,12.0,278034.0,400733511.0
2023-05-05,8.245,7.9,8.0,8.15,8.0,31923.0,400733511.0
2023-05-08,,,,,,,
2023-05-09,8.5,7.915,8.2,8.15,9.0,144382.0,400733511.0
2023-05-10,7.9,7.9,8.2,8.2,1.0,53.0,400733511.0
2023-05-11,8.5,8.0155,8.15,8.2,4.0,3152.0,400733511.0
2023-05-12,8.0155,7.8,8.15,8.15,2.0,21453.0,400733511.0
2023-05-15,8.3,7.8,8.05,8.15,6.0,119384.0,400733511.0
2023-05-16,8.3,7.9,8.05,8.05,4.0,28493.0,400733511.0
2023-05-17,8.3,7.577,7.85,8.05,11.0,110160.0,400733511.0
2023-05-18,8.3,7.675,7.95,7.85,4.0,58808.0,400733511.0
2023-05-19,7.7255,7.7255,7.95,7.95,1.0,6082.0,400733511.0
2023-05-22,8.3285,8.044,8.2,7.95,7.0,87864.0,400733511.0
2023-05-23,8.294,8.0,8.25,8.2,7.0,127933.0,400733511.0
2023-05-24,8.25,7.55,7.75,8.25,20.0,671698.0,400733511.0
2023-05-25,7.8,7.0,7.75,7.75,4.0,253681.0,400733511.0
2023-05-26,9.0,7.25,8.5,7.75,38.0,851347.0,400733511.0
2023-05-29,,,,,,,
2023-05-30,9.4,8.13,8.5,8.5,21.0,563887.0,400733511.0
2023-05-31,9.392,8.2,8.75,9.2,9.0,288054.0,400733511.0
2023-06-01,9.37,8.88,9.25,8.65,19.0,692525.0,400733511.0
2023-06-02,9.14,8.5055,8.9,9.25,17.0,575572.0,400733511.0
2023-06-05,9.5,8.5,9.25,8.9,34.0,1365686.0,400733511.0
2023-06-06,9.5,9.09,9.0,9.25,13.0,303525.0,400733511.0
2023-06-07,10.0,9.0,9.6,9.0,16.0,766120.0,400733511.0
2023-06-08,9.616,9.35,9.25,9.6,4.0,145608.0,400733511.0
2023-06-09,9.75,9.165,9.375,9.375,9.0,120552.0,400733511.0
2023-06-12,9.75,9.125,9.25,9.375,9.0,162222.0,400733511.0
2023-06-13,9.5,9.125,9.25,9.25,6.0,174016.0,400733511.0
2023-06-14,10.0,9.1,9.5,9.25,15.0,356019.0,400733511.0
2023-06-15,10.0,9.155,9.5,9.5,6.0,39358.0,400733511.0
2023-06-16,10.0,8.715,8.9,9.5,12.0,334556.0,400733511.0
2023-06-19,9.474,8.5,9.25,8.75,11.0,404248.0,400733511.0
2023-06-20,9.9,8.66,8.75,9.5,33.0,1214666.0,400733511.0
2023-06-21,8.92,8.0105,8.25,8.75,23.0,700983.0,400733511.0
2023-06-22,8.5,8.25,8.3,8.25,5.0,59127.0,400733511.0
2023-06-23,8.4,8.3,8.25,8.25,3.0,64100.0,400733511.0
2023-06-26,8.5,8.0,8.5,8.25,13.0,161708.0,400733511.0
2023-06-27,9.0,8.0,8.5,8.5,7.0,146248.0,400733511.0
2023-06-28,9.0,8.001,8.5,8.5,6.0,78044.0,400733511.0
2023-06-29,9.0,8.135,8.5,8.5,3.0,138714.0,400733511.0
2023-06-30,9.0,8.0,8.5,8.5,5.0,223336.0,400733511.0
2023-07-03,9.0,8.0,8.5,8.5,18.0,227714.0,400733511.0
2023-07-04,9.0,8.0,8.5,8.5,9.0,226339.0,400733511.0
2023-07-05,8.5,8.088,8.25,8.5,8.0,77492.0,400733511.0
2023-07-06,8.5,8.0,8.0,8.25,5.0,117568.0,400733511.0
2023-07-07,8.5,8.118,8.25,8.25,8.0,96371.0,400733511.0
2023-07-10,8.495,8.155,8.42,8.25,3.0,16276.0,400733511.0
2023-07-11,,,,,,,
2023-07-12,,,,,,,
2023-07-13,,,,,,,
2023-07-14,,,,,,,
2023-07-17,,,,,,,
2023-07-18,,,,,,,
2023-07-19,,,,,,,
2023-07-20,,,,,,,
2023-07-21,,,,,,,
